Structure_Residue,Before_InterresidualContacts,After_InterresidualContacts,Delta_InterresidualContacts
5UAK_Met_1_?,0,0,0
5UAK_Arg_3_Met,0,0,0
5UAK_Ser_4_Leu,0,0,0
5UAK_Ser_4_Ala,0,0,0
5UAK_Pro_5_Leu,2,1,-1
5UAK_Leu_6_Arg,0,3,3
5UAK_Glu_7_Gln,3,12,9
5UAK_Ala_9_Val,1,7,6
5UAK_Ser_10_Arg,1,1,0
5UAK_Ser_10_Asn,0,0,0
5UAK_Val_11_Ile,2,1,-1
5UAK_Val_11_Leu,0,0,0
5UAK_Val_11_Ala,0,0,0
5UAK_Val_12_Ala,2,0,-2
5UAK_Lys_14_Ile,0,2,2
5UAK_Lys_14_Arg,0,0,0
5UAK_Lys_14_Glu,0,0,0
5UAK_Leu_15_Phe,2,18,16
5UAK_Leu_15_Val,0,0,0
5UAK_Phe_17_Leu,4,4,0
5UAK_Ser_18_Gly,2,0,-2
5UAK_Thr_20_Ser,1,0,-1
5UAK_Arg_21_Ile,1,1,0
5UAK_Leu_24_Val,6,6,0
5UAK_Lys_26_Glu,3,7,4
5UAK_Tyr_28_His,1,0,-1
5UAK_Arg_29_Thr,0,0,0
5UAK_Arg_31_Cys,1,0,-1
5UAK_Arg_31_His,0,0,0
5UAK_Arg_31_Leu,0,0,0
5UAK_Leu_32_Met,4,1,-3
5UAK_Leu_32_Pro,0,0,0
5UAK_Ser_35_Leu,0,0,0
5UAK_Ile_37_Val,3,0,-3
5UAK_Tyr_38_His,5,3,-2
5UAK_Tyr_38_Asn,0,0,0
5UAK_Tyr_38_Cys,0,0,0
5UAK_Gln_39_His,0,10,10
5UAK_Ser_42_Phe,0,13,13
5UAK_Val_43_Ile,0,0,0
5UAK_Val_43_Ala,0,0,0
5UAK_Val_43_Leu,0,0,0
5UAK_Asp_44_Val,3,5,2
5UAK_Ala_46_Val,5,17,12
5UAK_Asn_48_Lys,2,6,4
5UAK_Leu_49_Pro,6,1,-5
5UAK_Lys_52_Ile,1,1,0
5UAK_Glu_54_Gly,0,0,0
5UAK_Glu_56_Lys,2,9,7
5UAK_Trp_57_Arg,4,12,8
5UAK_Asp_58_His,0,0,0
5UAK_Asp_58_Gly,0,0,0
5UAK_Asp_58_Val,0,0,0
5UAK_Glu_60_Asp,4,2,-2
5UAK_Lys_64_Glu,2,0,-2
5UAK_Lys_65_Arg,0,0,0
5UAK_Pro_67_Leu,3,23,20
5UAK_Lys_68_Glu,1,11,10
5UAK_Lys_68_Asn,0,0,0
5UAK_Ala_72_Thr,1,5,4
5UAK_Leu_73_Phe,2,17,15
5UAK_Arg_74_Trp,2,43,41
5UAK_Arg_74_Gln,0,0,0
5UAK_Arg_75_Gln,4,0,-4
5UAK_Arg_75_Leu,0,0,0
5UAK_Cys_76_Trp,4,43,39
5UAK_Cys_76_Arg,0,0,0
5UAK_Phe_78_Tyr,2,19,17
5UAK_Phe_78_Leu,0,0,0
5UAK_Trp_79_Arg,1,0,-1
5UAK_Phe_81_Leu,6,3,-3
5UAK_Phe_83_Leu,0,7,7
5UAK_Tyr_84_His,1,1,0
5UAK_Tyr_84_Cys,0,0,0
5UAK_Gly_85_Glu,0,33,33
5UAK_Ile_86_Val,2,0,-2
5UAK_Phe_87_Ser,3,2,-1
5UAK_Leu_88_Phe,4,36,32
5UAK_Leu_88_Ser,0,0,0
5UAK_Tyr_89_Cys,11,8,-3
5UAK_Gly_91_Arg,0,31,31
5UAK_Thr_94_Ile,3,9,6
5UAK_Thr_94_Pro,0,0,0
5UAK_Val_97_Ala,0,0,0
5UAK_Gln_98_Arg,6,2,-4
5UAK_Pro_99_Leu,6,10,4
5UAK_Leu_102_Arg,9,13,4
5UAK_Arg_104_Gly,2,0,-2
5UAK_Ile_105_Val,3,1,-2
5UAK_Tyr_109_Asn,0,0,0
5UAK_Asp_110_His,1,2,1
5UAK_Asp_110_Glu,0,0,0
5UAK_Asp_110_Tyr,0,0,0
5UAK_Pro_111_Leu,0,0,0
5UAK_Asp_112_Gly,1,0,-1
5UAK_Asp_112_Asn,0,0,0
5UAK_Glu_116_Gln,0,0,0
5UAK_Glu_116_Gly,0,0,0
5UAK_Glu_116_Ala,0,0,0
5UAK_Arg_117_His,0,0,0
5UAK_Arg_117_Cys,0,0,0
5UAK_Arg_117_Gly,0,0,0
5UAK_Arg_117_Leu,0,0,0
5UAK_Arg_117_Ser,0,0,0
5UAK_Ser_118_Phe,2,28,26
5UAK_Ser_118_Cys,0,0,0
5UAK_Ile_119_Val,4,0,-4
5UAK_Ala_120_Thr,2,10,8
5UAK_Ala_120_Ser,0,0,0
5UAK_Ile_121_Phe,0,8,8
5UAK_Tyr_122_Cys,2,0,-2
5UAK_Ile_125_Thr,1,0,-1
5UAK_Gly_126_Asp,0,1,1
5UAK_Gly_126_Ser,0,0,0
5UAK_Gly_126_Val,0,0,0
5UAK_Leu_130_Val,2,0,-2
5UAK_Phe_131_Leu,16,6,-10
5UAK_Ile_132_Val,1,1,0
5UAK_Ile_132_Thr,0,0,0
5UAK_Gly_134_Ala,8,0,-8
5UAK_Thr_135_Ser,7,2,-5
5UAK_Leu_138_Pro,4,2,-2
5UAK_Ser_138_Asn,0,0,0
5UAK_His_139_Pro,5,5,0
5UAK_His_139_Tyr,0,0,0
5UAK_Pro_140_Ser,1,1,0
5UAK_Pro_140_Arg,0,0,0
5UAK_Ala_141_Thr,3,10,7
5UAK_Met_142_Thr,7,2,-5
5UAK_Glu_144_Lys,0,29,29
5UAK_Glu_144_Asp,0,0,0
5UAK_His_147_Gln,1,14,13
5UAK_His_147_Asn,0,0,0
5UAK_Ile_148_Thr,4,3,-1
5UAK_Gly_149_Glu,0,16,16
5UAK_Met_150_Ile,9,5,-4
5UAK_Gln_151_Lys,7,7,0
5UAK_Gln_151_Arg,0,0,0
5UAK_Gln_151_Pro,0,0,0
5UAK_Met_152_Leu,10,17,7
5UAK_Gly_152_Arg,0,0,0
5UAK_Met_152_Ile,0,0,0
5UAK_Arg_153_Lys,8,16,8
5UAK_Ile_154_Thr,5,2,-3
5UAK_Tyr_155_Asn,3,14,11
5UAK_Met_156_Val,3,0,-3
5UAK_Ser_158_Asn,4,11,7
5UAK_Ser_158_Thr,0,0,0
5UAK_Ser_158_Cys,0,0,0
5UAK_Leu_159_Ser,2,0,-2
5UAK_Ile_160_Val,0,1,1
5UAK_Tyr_161_Cys,12,5,-7
5UAK_Thr_164_Ala,0,0,0
5UAK_Arg_170_His,0,14,14
5UAK_Arg_170_Cys,0,0,0
5UAK_Arg_170_Ser,0,0,0
5UAK_Val_171_Ile,1,4,3
5UAK_Leu_172_Ile,1,1,0
5UAK_Ser_176_Thr,2,3,1
5UAK_Ser_176_Asn,0,0,0
5UAK_Ser_176_Arg,0,0,0
5UAK_Ile_177_Phe,1,4,3
5UAK_Ile_177_Thr,0,0,0
5UAK_Ile_177_Met,0,0,0
5UAK_Ile_177_Val,0,0,0
5UAK_Gly_178_Arg,0,4,4
5UAK_Gly_178_Glu,0,0,0
5UAK_Gln_179_Lys,2,1,-1
5UAK_Leu_180_Val,1,0,-1
5UAK_Leu_183_Ile,1,1,0
5UAK_Arg_183_Lys,0,0,0
5UAK_Glu_185_Val,0,2,2
5UAK_His_186_Gln,0,0,0
5UAK_Asn_187_Lys,2,12,10
5UAK_Cys_187_Ser,0,0,0
5UAK_Cys_187_Gly,0,0,0
5UAK_Leu_188_Phe,4,34,30
5UAK_Leu_188_Pro,0,0,0
5UAK_Cys_190_Ser,2,1,-1
5UAK_Phe_191_Val,6,3,-3
5UAK_Glu_193_Gly,2,0,-2
5UAK_Glu_193_Lys,0,0,0
5UAK_Gly_194_Val,0,3,3
5UAK_Ala_196_Val,3,12,9
5UAK_Ala_198_Val,3,7,4
5UAK_Ala_198_Pro,0,0,0
5UAK_His_199_Arg,6,35,29
5UAK_Phe_200_Leu,4,9,5
5UAK_Phe_200_Ile,0,0,0
5UAK_Val_201_Met,3,11,8
5UAK_Ala_204_Thr,1,3,2
5UAK_Ala_204_Ser,0,0,0
5UAK_Pro_205_Ser,0,0,0
5UAK_Pro_205_Leu,0,0,0
5UAK_Leu_206_Trp,6,2,-4
5UAK_Gln_207_His,3,9,6
5UAK_Val_208_Ala,3,0,-3
5UAK_Ala_209_Ser,0,0,0
5UAK_Leu_210_Phe,2,11,9
5UAK_Met_212_Val,1,0,-1
5UAK_Gly_213_Glu,0,0,0
5UAK_Leu_214_Val,11,10,-1
5UAK_Trp_216_Arg,1,15,14
5UAK_Glu_217_Gly,0,0,0
5UAK_Glu_217_Lys,0,0,0
5UAK_Gln_220_Pro,1,1,0
5UAK_Ala_221_Val,0,3,3
5UAK_Phe_224_Leu,1,1,0
5UAK_Cys_225_Tyr,0,14,14
5UAK_Gly_226_Glu,0,9,9
5UAK_Gly_226_Val,0,0,0
5UAK_Phe_229_Tyr,3,2,-1
5UAK_Val_232_Asp,1,2,1
5UAK_Leu_233_Val,5,3,-2
5UAK_Ala_234_Ser,0,0,0
5UAK_Phe_236_Ser,4,0,-4
5UAK_Gln_237_Glu,4,6,2
5UAK_Gly_239_Arg,0,11,11
5UAK_Gly_241_Arg,0,3,3
5UAK_Arg_242_Lys,0,0,0
5UAK_Met_243_Thr,2,0,-2
5UAK_Met_243_Val,0,0,0
5UAK_Met_244_Val,3,2,-1
5UAK_Met_244_Ile,0,0,0
5UAK_Arg_248_Thr,0,0,0
5UAK_Arg_248_Lys,0,0,0
5UAK_Ala_252_Pro,0,0,0
5UAK_Ala_252_Ser,0,0,0
5UAK_Gly_253_Glu,0,0,0
5UAK_Gly_253_Arg,0,0,0
5UAK_Ile_255_Asn,3,8,5
5UAK_Ile_255_Val,0,0,0
5UAK_Ser_256_Gly,0,0,0
5UAK_Ser_256_Asn,0,0,0
5UAK_Glu_257_Ala,0,0,0
5UAK_Arg_258_Gly,7,0,-7
5UAK_Arg_258_Ile,0,0,0
5UAK_Leu_259_Phe,3,9,6
5UAK_Leu_259_Val,0,0,0
5UAK_Val_260_Gly,0,0,0
5UAK_Val_260_Met,0,0,0
5UAK_Val_260_Ala,0,0,0
5UAK_Met_265_Arg,6,10,4
5UAK_Ile_269_Thr,4,4,0
5UAK_Val_272_Ala,4,0,-4
5UAK_Lys_273_Gln,7,5,-2
5UAK_Lys_273_Met,0,0,0
5UAK_Cys_276_Phe,1,21,20
5UAK_Glu_279_Asp,0,0,0
5UAK_Ala_280_Ser,2,3,1
5UAK_Met_281_Thr,6,2,-4
5UAK_Met_281_Val,0,0,0
5UAK_Glu_282_Asp,4,2,-2
5UAK_Lys_283_Arg,0,0,0
5UAK_Ile_285_Phe,2,23,21
5UAK_Ile_285_Thr,0,0,0
5UAK_Asn_287_Lys,0,0,0
5UAK_Asn_287_Ser,0,0,0
5UAK_Asn_287_Tyr,0,0,0
5UAK_Gln_290_Arg,0,1,1
5UAK_Thr_291_Arg,1,0,-1
5UAK_Thr_291_Ile,0,0,0
5UAK_Thr_291_Ala,0,0,0
5UAK_Leu_293_Met,5,8,3
5UAK_Arg_297_Gln,9,3,-6
5UAK_Arg_297_Trp,0,0,0
5UAK_Ala_299_Thr,0,3,3
5UAK_Ala_300_Gly,2,0,-2
5UAK_Tyr_301_Cys,4,0,-4
5UAK_Phe_305_Val,1,3,2
5UAK_Asn_306_Ser,1,0,-1
5UAK_Ala_309_Gly,0,0,0
5UAK_Ala_309_Thr,0,0,0
5UAK_Phe_310_Leu,11,6,-5
5UAK_Gly_314_Glu,0,26,26
5UAK_Phe_315_Ser,8,6,-2
5UAK_Phe_316_Leu,2,12,10
5UAK_Val_317_Gly,3,0,-3
5UAK_Leu_320_Val,1,0,-1
5UAK_Leu_320_Phe,0,0,0
5UAK_Ser_321_Pro,0,0,0
5UAK_Val_322_Met,1,6,5
5UAK_Tyr_325_Cys,7,3,-4
5UAK_Leu_327_Arg,1,0,-1
5UAK_Ile_331_Asn,0,0,0
5UAK_Leu_333_Phe,1,27,26
5UAK_Arg_334_Gln,2,7,5
5UAK_Arg_334_Trp,0,0,0
5UAK_Arg_334_Leu,0,0,0
5UAK_Ile_336_Lys,0,2,2
5UAK_Ile_336_Thr,0,0,0
5UAK_Phe_337_Val,2,3,1
5UAK_Thr_338_Ile,1,4,3
5UAK_Thr_338_Ala,0,0,0
5UAK_Ile_340_Val,7,2,-5
5UAK_Cys_343_Phe,4,18,14
5UAK_Ile_344_Val,5,3,-2
5UAK_Arg_347_His,10,17,7
5UAK_Arg_347_Pro,0,0,0
5UAK_Arg_347_Cys,0,0,0
5UAK_Arg_347_Ser,0,0,0
5UAK_Met_348_Lys,5,7,2
5UAK_Met_348_Val,0,0,0
5UAK_Ala_349_Val,0,2,2
5UAK_Thr_351_Ser,10,4,-6
5UAK_Thr_351_Ile,0,0,0
5UAK_Arg_352_Trp,10,34,24
5UAK_Arg_352_Gln,0,0,0
5UAK_Gln_353_His,4,8,4
5UAK_Pro_355_Leu,0,0,0
5UAK_Thr_360_Ile,1,3,2
5UAK_Trp_361_Arg,4,0,-4
5UAK_Asn_369_Ser,0,0,0
5UAK_Lys_370_Glu,0,0,0
5UAK_Ile_371_Met,4,9,5
5UAK_Ile_371_Thr,0,0,0
5UAK_Asp_373_Asn,0,0,0
5UAK_Asp_373_Tyr,0,0,0
5UAK_Asp_373_Val,0,0,0
5UAK_Leu_375_Phe,5,12,7
5UAK_Gln_378_Arg,1,6,5
5UAK_Glu_379_Asp,0,6,6
5UAK_Tyr_380_Cys,4,2,-2
5UAK_Thr_382_Pro,0,1,1
5UAK_Glu_384_Asp,1,1,0
5UAK_Leu_387_Ser,1,3,2
5UAK_Thr_388_Met,0,0,0
5UAK_Thr_389_Ser,1,0,-1
5UAK_Thr_390_Ile,4,6,2
5UAK_Thr_390_Ala,0,0,0
5UAK_Met_394_Thr,7,1,-6
5UAK_Asn_396_Tyr,0,1,1
5UAK_Asn_396_Thr,0,0,0
5UAK_Ala_399_Val,0,2,2
5UAK_Ala_399_Gly,0,0,0
5UAK_Phe_400_Ser,1,0,-1
5UAK_Trp_401_Cys,4,1,-3
5UAK_Trp_401_Leu,0,0,0
5UAK_Gly_404_Arg,0,0,0
5UAK_Gly_404_Val,0,0,0
5UAK_Gly_404_Ala,0,0,0
5UAK_Gly_406_Glu,0,0,0
5UAK_Glu_407_Lys,0,0,0
5UAK_Glu_407_Val,0,0,0
5UAK_Phe_409_Ile,0,0,0
5UAK_Lys_411_Glu,0,0,0
5UAK_Ala_412_Ser,0,0,0
5UAK_Gln_414_Pro,0,0,0
5UAK_Asn_416_Ser,0,0,0
5UAK_Asn_416_Asp,0,0,0
5UAK_Asn_418_Ser,0,0,0
5UAK_Asn_423_Lys,0,0,0
5UAK_Gly_424_Ser,0,0,0
5UAK_Leu_428_Ile,0,0,0
5UAK_Ser_431_Gly,0,0,0
5UAK_Leu_435_Pro,0,0,0
5UAK_Gly_437_Asp,0,0,0
5UAK_Thr_438_Ala,0,0,0
5UAK_Pro_439_Thr,3,3,0
5UAK_Val_440_Ala,0,0,0
5UAK_Leu_441_Pro,3,4,1
5UAK_Asp_443_Tyr,2,13,11
5UAK_Asp_443_Glu,0,0,0
5UAK_Ile_444_Thr,3,3,0
5UAK_Ile_444_Val,0,0,0
5UAK_Lys_447_Arg,2,2,0
5UAK_Ile_448_Thr,8,1,-7
5UAK_Glu_449_Gly,0,0,0
5UAK_Arg_450_Ile,4,4,0
5UAK_Gly_451_Arg,0,10,10
5UAK_Gln_452_Arg,6,15,9
5UAK_Ala_455_Val,3,8,5
5UAK_Ala_455_Glu,0,0,0
5UAK_Val_456_Ala,2,0,-2
5UAK_Ser_459_Phe,1,8,7
5UAK_Ala_462_Val,1,6,5
5UAK_Thr_465_Asn,3,6,3
5UAK_Ser_466_Leu,1,4,3
5UAK_Leu_467_Phe,4,20,16
5UAK_Leu_467_Pro,0,0,0
5UAK_Met_469_Ile,9,3,-6
5UAK_Met_469_Val,0,0,0
5UAK_Val_470_Met,2,6,4
5UAK_Ile_471_Val,6,4,-2
5UAK_Glu_474_Gln,7,12,5
5UAK_Pro_477_Ser,3,1,-2
5UAK_Pro_477_Thr,0,0,0
5UAK_Glu_479_Asp,0,0,0
5UAK_Glu_479_Gly,0,0,0
5UAK_Gly_480_Cys,0,7,7
5UAK_His_484_Tyr,5,25,20
5UAK_Ser_485_Cys,1,4,3
5UAK_Ser_485_Thr,0,0,0
5UAK_Arg_487_Lys,0,1,1
5UAK_Phe_490_Cys,11,4,-7
5UAK_Cys_491_Phe,3,12,9
5UAK_Ser_492_Phe,1,28,27
5UAK_Gln_493_Arg,1,26,25
5UAK_Ser_495_Phe,3,33,30
5UAK_Met_498_Thr,7,7,0
5UAK_Pro_499_Ala,5,0,-5
5UAK_Pro_499_Ser,0,0,0
5UAK_Gly_500_Asp,0,8,8
5UAK_Gly_500_Ser,0,0,0
5UAK_Ile_502_Thr,7,3,-4
5UAK_Ile_502_Val,0,0,0
5UAK_Ile_506_Val,4,1,-3
5UAK_Ile_506_Thr,0,0,0
5UAK_Ile_506_Leu,0,0,0
5UAK_Ile_507_Val,5,0,-5
5UAK_Phe_508_Cys,9,2,-7
5UAK_Phe_508_Val,0,0,0
5UAK_Phe_508_Leu,0,0,0
5UAK_Val_510_Ile,1,9,8
5UAK_Asp_513_Gly,0,0,0
5UAK_Asp_513_Tyr,0,0,0
5UAK_Tyr_515_His,0,0,0
5UAK_Ser_519_Asn,0,0,0
5UAK_Val_520_Ile,0,4,4
5UAK_Val_520_Phe,0,0,0
5UAK_Ile_521_Leu,2,12,10
5UAK_Ile_521_Phe,0,0,0
5UAK_Cys_524_Arg,3,16,13
5UAK_Glu_527_Gly,0,0,0
5UAK_Glu_527_Gln,0,0,0
5UAK_Glu_528_Lys,0,0,0
5UAK_Ile_530_Met,7,10,3
5UAK_Ile_530_Asn,0,0,0
5UAK_Lys_532_Asn,0,0,0
5UAK_Ala_534_Glu,0,0,0
5UAK_Ala_534_Ser,0,0,0
5UAK_Lys_536_Glu,3,7,4
5UAK_Asn_538_Lys,4,4,0
5UAK_Asn_538_Tyr,0,0,0
5UAK_Ile_539_Thr,1,0,-1
5UAK_Val_540_Ile,0,0,0
5UAK_Val_540_Ala,0,0,0
5UAK_Gly_542_Glu,0,0,0
5UAK_Gly_542_Arg,0,0,0
5UAK_Gly_544_Ser,0,4,4
5UAK_Ile_546_Phe,0,0,0
5UAK_Thr_547_Ile,1,2,1
5UAK_Thr_547_Ala,0,0,0
5UAK_Leu_548_Pro,6,3,-3
5UAK_Ser_549_Asn,2,0,-2
5UAK_Ser_549_Arg,0,0,0
5UAK_Gly_551_Asp,0,9,9
5UAK_Gly_551_Ser,0,0,0
5UAK_Arg_553_Gln,6,4,-2
5UAK_Arg_553_Pro,0,0,0
5UAK_Ile_556_Val,7,4,-3
5UAK_Ser_557_Thr,0,2,2
5UAK_Leu_558_Ser,2,0,-2
5UAK_Ala_559_Thr,2,9,7
5UAK_Ala_559_Ser,0,0,0
5UAK_Arg_560_Thr,3,0,-3
5UAK_Arg_560_Ser,0,0,0
5UAK_Ala_561_Glu,1,13,12
5UAK_Ala_561_Ser,0,0,0
5UAK_Val_562_Ile,3,4,1
5UAK_Val_562_Leu,0,0,0
5UAK_Tyr_563_Asn,2,7,5
5UAK_Lys_564_Arg,4,33,29
5UAK_Lys_564_Glu,0,0,0
5UAK_Asp_565_His,0,0,0
5UAK_Asp_565_Tyr,0,0,0
5UAK_Ala_566_Asp,2,8,6
5UAK_Asp_567_Asn,0,0,0
5UAK_Tyr_569_Asp,3,5,2
5UAK_Asp_572_Glu,5,24,19
5UAK_Ser_573_Phe,1,27,26
5UAK_Ser_573_Cys,0,0,0
5UAK_Pro_574_His,6,21,15
5UAK_Phe_575_Tyr,11,11,0
5UAK_Phe_575_Ile,0,0,0
5UAK_Gly_576_Ala,0,1,1
5UAK_Gly_576_Val,0,0,0
5UAK_Tyr_577_Cys,0,0,0
5UAK_Tyr_577_Phe,0,0,0
5UAK_Asp_579_Gly,3,0,-3
5UAK_Thr_582_Ser,4,4,0
5UAK_Glu_583_Gly,8,0,-8
5UAK_Glu_585_Lys,2,3,1
5UAK_Phe_587_Val,12,7,-5
5UAK_Phe_587_Ile,0,0,0
5UAK_Glu_588_Lys,4,8,4
5UAK_Glu_588_Gly,0,0,0
5UAK_Glu_588_Ala,0,0,0
5UAK_Ser_589_Thr,0,1,1
5UAK_Cys_592_Tyr,0,6,6
5UAK_Met_595_Val,5,5,0
5UAK_Met_595_Leu,0,0,0
5UAK_Asn_597_Lys,0,0,0
5UAK_Thr_599_Ser,2,1,-1
5UAK_Ile_601_Val,9,5,-4
5UAK_Ile_601_Phe,0,0,0
5UAK_Val_603_Ile,5,10,5
5UAK_Ser_605_Pro,0,1,1
5UAK_Leu_610_Ile,1,4,3
5UAK_Leu_610_Phe,0,0,0
5UAK_Asp_614_Gly,5,0,-5
5UAK_Ile_616_Val,4,1,-3
5UAK_Leu_617_Phe,8,18,10
5UAK_Ile_618_Thr,6,3,-3
5UAK_His_620_Arg,6,24,18
5UAK_His_620_Leu,0,0,0
5UAK_Gly_622_Asp,0,6,6
5UAK_Tyr_625_Asn,11,4,-7
5UAK_Phe_626_Leu,7,5,-2
5UAK_Tyr_627_Cys,4,0,-4
5UAK_Gly_628_Arg,0,14,14
5UAK_Thr_629_Ala,4,0,-4
5UAK_Leu_633_Ile,9,3,-6
5UAK_Asn_635_Thr,0,0,0
5UAK_Leu_636_Pro,8,3,-5
5UAK_Pro_638_Ser,0,0,0
5UAK_Ser_641_Gly,1,0,-1
5UAK_Met_645_Thr,1,0,-1
5UAK_Met_645_Lys,0,0,0
5UAK_Asp_648_Asn,0,0,0
5UAK_Phe_650_Leu,0,0,0
5UAK_Asp_651_Asn,0,0,0
5UAK_Gln_652_Glu,0,0,0
5UAK_Gln_652_Lys,0,0,0
5UAK_Phe_653_Val,0,0,0
5UAK_Ser_654_Gly,0,0,0
5UAK_Glu_656_Gln,0,0,0
5UAK_Ile_661_Met,0,0,0
5UAK_Ile_661_Val,0,0,0
5UAK_Ile_661_Thr,0,0,0
5UAK_His_667_Tyr,0,0,0
5UAK_Arg_668_Cys,0,0,0
5UAK_Arg_668_His,0,0,0
5UAK_Glu_672_Lys,0,0,0
5UAK_Asp_674_Gly,0,0,0
5UAK_Asp_674_Val,0,0,0
5UAK_Ala_675_Val,0,0,0
5UAK_Pro_676_Ala,0,0,0
5UAK_Pro_676_Ser,0,0,0
5UAK_Glu_681_Val,0,0,0
5UAK_Lys_684_Thr,0,0,0
5UAK_Ser_686_Tyr,0,0,0
5UAK_Ser_686_Thr,0,0,0
5UAK_Lys_688_Gln,0,0,0
5UAK_Thr_690_Ala,0,0,0
5UAK_Gly_691_Arg,0,0,0
5UAK_Phe_693_Leu,0,0,0
5UAK_Glu_695_Gly,0,0,0
5UAK_Asn_699_Lys,0,0,0
5UAK_Asn_703_Ile,0,0,0
5UAK_Pro_704_Leu,0,0,0
5UAK_Pro_704_Arg,0,0,0
5UAK_Ile_705_Val,0,0,0
5UAK_Ser_707_Cys,0,0,0
5UAK_Ile_708_Thr,0,0,0
5UAK_Arg_709_Gln,0,0,0
5UAK_Val_714_Leu,0,0,0
5UAK_Gln_715_His,0,0,0
5UAK_Pro_718_Arg,0,0,0
5UAK_Gln_720_Arg,0,0,0
5UAK_Gly_723_Val,0,0,0
5UAK_Glu_725_Lys,0,0,0
5UAK_Asp_727_Ala,0,0,0
5UAK_Pro_731_Leu,0,0,0
5UAK_Ser_737_Phe,0,0,0
5UAK_Ser_737_Thr,0,0,0
5UAK_Pro_740_Leu,0,0,0
5UAK_Gln_744_Pro,0,0,0
5UAK_Ala_747_Val,0,0,0
5UAK_Pro_750_Leu,0,0,0
5UAK_Arg_751_Cys,0,0,0
5UAK_Arg_751_His,0,0,0
5UAK_Arg_751_Leu,0,0,0
5UAK_Ile_752_Ser,0,0,0
5UAK_Ser_753_Gly,0,0,0
5UAK_Ser_753_Asn,0,0,0
5UAK_Val_754_Met,0,0,0
5UAK_Ile_755_Phe,0,0,0
5UAK_Ser_756_Cys,0,0,0
5UAK_Thr_757_Ser,0,0,0
5UAK_Thr_760_Met,0,0,0
5UAK_Thr_760_Arg,0,0,0
5UAK_Arg_764_Gln,0,0,0
5UAK_Arg_765_Lys,0,0,0
5UAK_Arg_766_Lys,0,0,0
5UAK_Gln_767_His,0,0,0
5UAK_Ser_768_Phe,0,0,0
5UAK_Val_769_Ile,0,0,0
5UAK_His_775_Tyr,0,0,0
5UAK_His_775_Arg,0,0,0
5UAK_Ser_776_Leu,0,0,0
5UAK_Gln_781_His,0,0,0
5UAK_Ile_783_Val,0,0,0
5UAK_Arg_785_Gln,0,0,0
5UAK_Arg_785_Pro,0,0,0
5UAK_Lys_786_Asn,0,0,0
5UAK_Arg_792_Gly,0,0,0
5UAK_Arg_792_Gln,0,0,0
5UAK_Val_794_Leu,0,0,0
5UAK_Leu_796_Pro,0,0,0
5UAK_Pro_798_Ser,0,0,0
5UAK_Gln_799_Lys,0,0,0
5UAK_Ala_800_Ser,0,0,0
5UAK_Ala_800_Val,0,0,0
5UAK_Asn_801_Tyr,0,0,0
5UAK_Leu_802_Phe,0,0,0
5UAK_Asp_806_Gly,0,0,0
5UAK_Ile_807_Met,0,0,0
5UAK_Arg_810_Gly,0,0,0
5UAK_Arg_811_Ser,0,0,0
5UAK_Gly_817_Val,0,0,0
5UAK_Ser_821_Asn,0,0,0
5UAK_Glu_823_Asp,0,0,0
5UAK_Glu_826_Lys,0,0,0
5UAK_Glu_826_Asp,0,0,0
5UAK_Asp_828_Asn,0,0,0
5UAK_Asp_828_Glu,0,0,0
5UAK_Cys_832_Tyr,0,0,0
5UAK_Cys_832_Gly,0,0,0
5UAK_Phe_834_Leu,0,0,0
5UAK_Asp_836_Tyr,0,0,0
5UAK_Met_837_Thr,0,0,0
5UAK_Asn_847_Ser,0,0,0
5UAK_Tyr_849_Cys,4,0,-4
5UAK_Arg_851_Gln,0,2,2
5UAK_Ile_853_Val,3,1,-2
5UAK_Ile_853_Phe,0,0,0
5UAK_Thr_854_Ile,2,4,2
5UAK_Val_855_Ile,1,3,2
5UAK_Lys_857_Asn,0,0,0
5UAK_Leu_859_Phe,7,34,27
5UAK_Val_862_Leu,2,7,5
5UAK_Cys_866_Tyr,3,22,19
5UAK_Glu_873_Val,0,3,3
5UAK_Val_874_Leu,1,10,9
5UAK_Ala_876_Val,0,0,0
5UAK_Ser_877_Ala,2,1,-1
5UAK_Thr_887_Pro,0,0,0
5UAK_Thr_887_Asn,0,0,0
5UAK_Pro_888_His,0,0,0
5UAK_Leu_889_Phe,0,0,0
5UAK_Leu_889_Val,0,0,0
5UAK_Gln_890_Arg,0,0,0
5UAK_Asp_891_Gly,0,0,0
5UAK_Asp_891_Asn,0,0,0
5UAK_Asn_894_Lys,0,0,0
5UAK_Asn_894_Ser,0,0,0
5UAK_Ser_895_Asn,0,0,0
5UAK_Ser_895_Thr,0,0,0
5UAK_Thr_896_Ile,0,0,0
5UAK_His_897_Tyr,0,0,0
5UAK_Ser_898_Arg,0,0,0
5UAK_Asn_901_Ile,0,0,0
5UAK_Tyr_903_Cys,0,0,0
5UAK_Val_905_Leu,0,0,0
5UAK_Ile_907_Ser,0,0,0
5UAK_Ile_907_Val,0,0,0
5UAK_Thr_908_Asn,0,0,0
5UAK_Thr_910_Ser,3,2,-1
5UAK_Ser_911_Asn,0,0,0
5UAK_Ser_912_Leu,0,0,0
5UAK_Tyr_913_Cys,0,0,0
5UAK_Val_915_Leu,1,0,-1
5UAK_Ile_918_Val,6,3,-3
5UAK_Tyr_919_Cys,4,4,0
5UAK_Val_920_Met,2,9,7
5UAK_Val_920_Leu,0,0,0
5UAK_Gly_921_Arg,0,21,21
5UAK_Val_922_Gly,5,0,-5
5UAK_Asp_924_Asn,4,3,-1
5UAK_Thr_925_Asn,5,4,-1
5UAK_Leu_926_Phe,4,11,7
5UAK_Leu_926_Ser,0,0,0
5UAK_Gly_934_Ser,0,6,6
5UAK_Pro_936_Thr,1,1,0
5UAK_Pro_936_Leu,0,0,0
5UAK_Val_938_Leu,3,8,5
5UAK_Val_938_Gly,0,0,0
5UAK_Val_938_Met,0,0,0
5UAK_His_939_Asp,2,8,6
5UAK_His_939_Gln,0,0,0
5UAK_Val_944_Ala,5,0,-5
5UAK_Ser_945_Leu,2,10,8
5UAK_Lys_946_Glu,0,12,12
5UAK_Lys_946_Gln,0,0,0
5UAK_Leu_948_Phe,2,16,14
5UAK_His_949_Leu,12,11,-1
5UAK_His_949_Tyr,0,0,0
5UAK_His_950_Arg,2,3,1
5UAK_Lys_951_Glu,1,0,-1
5UAK_Lys_951_Thr,0,0,0
5UAK_Met_952_Thr,6,3,-3
5UAK_Met_952_Ile,0,0,0
5UAK_His_954_Tyr,3,31,28
5UAK_Ala_959_Val,0,7,7
5UAK_Ala_959_Thr,0,0,0
5UAK_Pro_960_Ser,10,5,-5
5UAK_Pro_960_Leu,0,0,0
5UAK_Met_961_Thr,6,6,0
5UAK_Met_961_Ile,0,0,0
5UAK_Met_961_Val,0,0,0
5UAK_Leu_964_Phe,2,8,6
5UAK_Asn_965_Lys,0,19,19
5UAK_Leu_967_Ser,5,1,-4
5UAK_Gly_970_Asp,0,0,0
5UAK_Phe_976_Ser,8,0,-8
5UAK_Phe_976_Leu,0,0,0
5UAK_Ser_977_Phe,1,13,12
5UAK_Ser_977_Ala,0,0,0
5UAK_Ser_977_Cys,0,0,0
5UAK_Ser_977_Pro,0,0,0
5UAK_Lys_978_Arg,0,10,10
5UAK_Asp_979_Ala,5,0,-5
5UAK_Asp_979_Gly,0,0,0
5UAK_Ile_980_Lys,2,15,13
5UAK_Ile_982_Val,2,2,0
5UAK_Asp_984_Asn,3,6,3
5UAK_Asp_985_Asn,2,1,-1
5UAK_Asp_985_Glu,0,0,0
5UAK_Leu_986_Pro,2,5,3
5UAK_Thr_990_Asn,1,2,1
5UAK_Thr_990_Ser,0,0,0
5UAK_Ile_991_Val,4,1,-3
5UAK_Ile_991_Met,0,0,0
5UAK_Phe_992_Leu,5,10,5
5UAK_Asp_993_Gly,3,0,-3
5UAK_Phe_994_Leu,1,1,0
5UAK_Phe_994_Cys,0,0,0
5UAK_Ile_995_Asn,4,2,-2
5UAK_Ile_995_Leu,0,0,0
5UAK_Leu_997_Phe,8,22,14
5UAK_Val_1001_Leu,2,6,4
5UAK_Ile_1002_Phe,3,13,10
5UAK_Gly_1003_Glu,0,30,30
5UAK_Ala_1004_Gly,1,0,-1
5UAK_Ile_1005_Arg,2,12,10
5UAK_Ala_1006_Thr,0,0,0
5UAK_Ala_1006_Glu,0,0,0
5UAK_Val_1008_Asp,5,3,-2
5UAK_Ala_1009_Thr,0,2,2
5UAK_Ala_1009_Val,0,0,0
5UAK_Pro_1013_His,0,17,17
5UAK_Pro_1013_Leu,0,0,0
5UAK_Pro_1013_Arg,0,0,0
5UAK_Tyr_1014_Cys,1,1,0
5UAK_Phe_1016_Ser,0,0,0
5UAK_Ala_1018_Thr,0,1,1
5UAK_Pro_1021_Thr,0,0,0
5UAK_Pro_1021_Ser,0,0,0
5UAK_Val_1022_Met,5,11,6
5UAK_Ile_1023_Val,1,0,-1
5UAK_Ile_1023_Arg,0,0,0
5UAK_Ala_1025_Ser,0,0,0
5UAK_Ala_1025_Val,0,0,0
5UAK_Ile_1027_Thr,0,0,0
5UAK_Met_1028_Val,0,1,1
5UAK_Met_1028_Arg,0,0,0
5UAK_Met_1028_Ile,0,0,0
5UAK_Leu_1029_Met,5,9,4
5UAK_Ala_1031_Val,0,0,0
5UAK_Tyr_1032_Cys,2,0,-2
5UAK_Thr_1036_Asn,1,3,2
5UAK_Gln_1039_Arg,5,2,-3
5UAK_Lys_1041_Gln,1,13,12
5UAK_Glu_1044_Gln,13,12,-1
5UAK_Gly_1047_Val,0,4,4
5UAK_Ser_1049_Asn,2,6,4
5UAK_Pro_1050_Ala,1,0,-1
5UAK_Ile_1051_Val,4,2,-2
5UAK_Ile_1051_Phe,0,0,0
5UAK_Phe_1052_Val,1,1,0
5UAK_Phe_1052_Leu,0,0,0
5UAK_Thr_1053_Ile,1,2,1
5UAK_His_1054_Gln,5,3,-2
5UAK_His_1054_Tyr,0,0,0
5UAK_Thr_1057_Ala,7,2,-5
5UAK_Gly_1061_Arg,0,67,67
5UAK_Leu_1065_Phe,5,13,8
5UAK_Arg_1066_His,9,26,17
5UAK_Arg_1066_Cys,0,0,0
5UAK_Ala_1067_Val,1,6,5
5UAK_Ala_1067_Thr,0,0,0
5UAK_Gly_1069_Arg,0,9,9
5UAK_Arg_1070_Gln,13,3,-10
5UAK_Arg_1070_Trp,0,0,0
5UAK_Gln_1071_Arg,3,9,6
5UAK_Phe_1074_Leu,6,6,0
5UAK_Leu_1077_Pro,2,1,-1
5UAK_Lys_1080_Arg,0,0,0
5UAK_Lys_1080_Gln,0,0,0
5UAK_Lys_1080_Glu,0,0,0
5UAK_Ala_1081_Gly,1,0,-1
5UAK_His_1085_Pro,3,3,0
5UAK_Thr_1086_Ser,2,1,-1
5UAK_Thr_1086_Ala,0,0,0
5UAK_Trp_1089_Cys,12,4,-8
5UAK_Phe_1090_Leu,2,0,-2
5UAK_Leu_1091_Phe,6,18,12
5UAK_Tyr_1092_His,4,32,28
5UAK_Tyr_1092_Cys,0,0,0
5UAK_Arg_1097_Cys,13,4,-9
5UAK_Arg_1097_His,0,0,0
5UAK_Arg_1097_Pro,0,0,0
5UAK_Trp_1098_Cys,4,6,2
5UAK_Phe_1099_Leu,18,15,-3
5UAK_Gln_1100_Pro,3,6,3
5UAK_Met_1101_Lys,4,14,10
5UAK_Met_1101_Ile,0,0,0
5UAK_Arg_1102_Lys,5,32,27
5UAK_Ile_1106_Thr,4,3,-1
5UAK_Val_1108_Leu,3,8,5
5UAK_Ile_1109_Val,1,0,-1
5UAK_Phe_1111_Leu,11,5,-6
5UAK_Val_1114_Leu,7,13,6
5UAK_Phe_1116_Ser,3,1,-2
5UAK_Ile_1117_Thr,2,1,-1
5UAK_Ser_1118_Phe,2,19,17
5UAK_Ser_1118_Cys,0,0,0
5UAK_Gly_1130_Ala,0,7,7
5UAK_Gly_1130_Val,0,0,0
5UAK_Gly_1130_Ser,0,0,0
5UAK_Ile_1131_Val,3,1,-2
5UAK_Ala_1136_Thr,0,3,3
5UAK_Met_1137_Val,8,4,-4
5UAK_Met_1137_Thr,0,0,0
5UAK_Ile_1139_Val,4,1,-3
5UAK_Met_1140_Val,5,7,2
5UAK_Ala_1146_Val,1,5,4
5UAK_Ala_1146_Asp,0,0,0
5UAK_Val_1147_Glu,6,12,6
5UAK_Asn_1148_Lys,0,5,5
5UAK_Ile_1151_Val,2,1,-1
5UAK_Asp_1152_His,0,0,0
5UAK_Val_1153_Glu,1,5,4
5UAK_Val_1153_Met,0,0,0
5UAK_Asp_1154_Glu,3,8,5
5UAK_Asp_1154_Gly,0,0,0
5UAK_Leu_1156_Phe,2,22,20
5UAK_Met_1157_Ile,5,6,1
5UAK_Arg_1158_Gln,1,2,1
5UAK_Ser_1159_Pro,5,4,-1
5UAK_Ser_1159_Phe,0,0,0
5UAK_Arg_1162_Leu,8,9,1
5UAK_Arg_1162_Gln,0,0,0
5UAK_Val_1163_Gly,3,0,-3
5UAK_Lys_1165_Arg,1,1,0
5UAK_Ile_1167_Val,2,0,-2
5UAK_Asp_1168_Gly,0,0,0
5UAK_Thr_1171_Ala,0,0,0
5UAK_Glu_1172_Gln,5,5,0
5UAK_Gly_1173_Ser,0,0,0
5UAK_Lys_1174_Thr,0,0,0
5UAK_Lys_1177_Arg,0,0,0
5UAK_Lys_1177_Thr,0,0,0
5UAK_Pro_1181_Gln,0,0,0
5UAK_Tyr_1182_His,0,0,0
5UAK_Lys_1183_Asn,0,0,0
5UAK_Asn_1184_Lys,0,0,0
5UAK_Gln_1186_His,0,0,0
5UAK_Leu_1187_Val,0,0,0
5UAK_Leu_1187_Ile,0,0,0
5UAK_Ser_1188_Pro,0,0,0
5UAK_Ser_1188_Leu,0,0,0
5UAK_Met_1191_Thr,0,0,0
5UAK_His_1197_Leu,0,0,0
5UAK_His_1197_Arg,0,0,0
5UAK_Val_1198_Met,0,0,0
5UAK_Val_1198_Leu,0,0,0
5UAK_Lys_1199_Arg,0,0,0
5UAK_Lys_1200_Gln,0,0,0
5UAK_Asp_1201_Tyr,0,0,0
5UAK_Ile_1203_Phe,0,0,0
5UAK_Ile_1203_Val,0,0,0
5UAK_Gly_1208_Asp,0,6,6
5UAK_Gln_1209_Lys,8,16,8
5UAK_Met_1210_Leu,4,3,-1
5UAK_Thr_1216_Ala,2,0,-2
5UAK_Ala_1217_Val,1,7,6
5UAK_Tyr_1219_His,1,1,0
5UAK_Thr_1220_Ile,1,1,0
5UAK_Gly_1223_Arg,0,22,22
5UAK_Asn_1224_Lys,0,0,0
5UAK_Ala_1225_Val,0,6,6
5UAK_Ile_1226_Thr,0,0,0
5UAK_Leu_1227_Ser,4,3,-1
5UAK_Glu_1228_Gln,4,4,0
5UAK_Glu_1228_Gly,0,0,0
5UAK_Asn_1229_Lys,3,7,4
5UAK_Ile_1230_Thr,9,4,-5
5UAK_Ile_1230_Val,0,0,0
5UAK_Ile_1234_Val,2,2,0
5UAK_Ser_1235_Arg,1,1,0
5UAK_Gly_1237_Asp,0,3,3
5UAK_Gln_1238_Lys,4,7,3
5UAK_Val_1240_Gly,5,0,-5
5UAK_Gly_1241_Asp,0,27,27
5UAK_Leu_1242_Phe,7,20,13
5UAK_Gly_1244_Glu,0,17,17
5UAK_Gly_1244_Val,0,0,0
5UAK_Thr_1246_Ile,2,2,0
5UAK_Thr_1246_Ser,0,0,0
5UAK_Ser_1248_Leu,2,16,14
5UAK_Gly_1249_Glu,0,13,13
5UAK_Gly_1249_Arg,0,0,0
5UAK_Ser_1251_Asn,0,2,2
5UAK_Ser_1251_Arg,0,0,0
5UAK_Leu_1254_Phe,7,7,0
5UAK_Ser_1255_Thr,1,2,1
5UAK_Ser_1255_Leu,0,0,0
5UAK_Ala_1256_Val,0,8,8
5UAK_Phe_1257_Leu,4,19,15
5UAK_Arg_1259_Thr,11,2,-9
5UAK_Thr_1263_Ile,0,7,7
5UAK_Glu_1264_Gly,0,0,0
5UAK_Gln_1268_Arg,0,12,12
5UAK_Ile_1269_Met,7,4,-3
5UAK_Asp_1270_Asn,3,6,3
5UAK_Asp_1270_Gly,0,0,0
5UAK_Val_1272_Glu,0,0,0
5UAK_Val_1272_Gly,0,0,0
5UAK_Ile_1277_Val,1,2,1
5UAK_Ile_1277_Thr,0,0,0
5UAK_Leu_1279_Trp,2,9,7
5UAK_Gln_1281_Arg,1,1,0
5UAK_Trp_1282_Cys,9,2,-7
5UAK_Arg_1283_Lys,1,3,2
5UAK_Ala_1285_Val,0,3,3
5UAK_Val_1288_Ala,4,0,-4
5UAK_Ile_1289_Val,5,3,-2
5UAK_Pro_1290_Leu,2,4,2
5UAK_Pro_1290_Thr,0,0,0
5UAK_Gln_1291_His,11,17,6
5UAK_Gln_1291_Arg,0,0,0
5UAK_Val_1293_Ile,4,7,3
5UAK_Val_1293_Leu,0,0,0
5UAK_Thr_1299_Ala,1,0,-1
5UAK_Phe_1300_Leu,8,5,-3
5UAK_Asn_1303_Lys,6,18,12
5UAK_Asn_1303_Ile,0,0,0
5UAK_Asn_1303_Tyr,0,0,0
5UAK_Leu_1304_Val,4,2,-2
5UAK_Pro_1306_Ser,3,3,0
5UAK_Tyr_1307_Asn,0,0,0
5UAK_Gln_1309_Glu,0,0,0
5UAK_Trp_1310_Gly,13,0,-13
5UAK_Ser_1311_Arg,3,0,-3
5UAK_Asp_1312_Gly,4,0,-4
5UAK_Gln_1313_Lys,0,0,0
5UAK_Val_1318_Ala,2,0,-2
5UAK_Val_1318_Ile,0,0,0
5UAK_Val_1322_Phe,6,27,21
5UAK_Val_1322_Ile,0,0,0
5UAK_Val_1327_Leu,5,8,3
5UAK_Ile_1328_Thr,4,2,-2
5UAK_Ile_1328_Met,0,0,0
5UAK_Ile_1328_Val,0,0,0
5UAK_Gln_1330_Glu,0,0,0
5UAK_Phe_1331_Leu,4,4,0
5UAK_Phe_1331_Ile,0,0,0
5UAK_Leu_1335_Phe,7,27,20
5UAK_Phe_1337_Val,5,4,-1
5UAK_Leu_1339_Pro,7,0,-7
5UAK_Asp_1341_Gly,2,0,-2
5UAK_Gly_1343_Ser,0,9,9
5UAK_Gly_1343_Ala,0,0,0
5UAK_Gly_1343_Asp,0,0,0
5UAK_Cys_1344_Ser,1,1,0
5UAK_Leu_1346_Gln,3,9,6
5UAK_Ser_1347_Asn,3,9,6
5UAK_Gly_1349_Ser,0,7,7
5UAK_Lys_1351_Asn,5,3,-2
5UAK_Gln_1352_His,6,10,4
5UAK_Gln_1352_Glu,0,0,0
5UAK_Met_1354_Thr,5,0,-5
5UAK_Met_1354_Ile,0,0,0
5UAK_Cys_1355_Gly,2,0,-2
5UAK_Cys_1355_Phe,0,0,0
5UAK_Arg_1358_Gly,6,0,-6
5UAK_Ser_1359_Cys,0,0,0
5UAK_Leu_1361_Val,6,1,-5
5UAK_Ser_1362_Asn,0,0,0
5UAK_Ser_1362_Thr,0,0,0
5UAK_Lys_1363_Arg,0,0,0
5UAK_Ala_1364_Val,0,1,1
5UAK_Ile_1366_Phe,8,14,6
5UAK_Ile_1366_Thr,0,0,0
5UAK_Ile_1366_Asn,0,0,0
5UAK_Leu_1369_Phe,6,9,3
5UAK_Asp_1370_Gly,7,0,-7
5UAK_Asp_1370_His,0,0,0
5UAK_Pro_1372_Leu,7,6,-1
5UAK_His_1375_Asn,5,0,-5
5UAK_His_1375_Arg,0,0,0
5UAK_Asp_1377_Asn,4,0,-4
5UAK_Asp_1377_His,0,0,0
5UAK_Pro_1378_Leu,0,0,0
5UAK_Val_1379_Leu,1,4,3
5UAK_Thr_1380_Ile,6,10,4
5UAK_Tyr_1381_His,4,0,-4
5UAK_Tyr_1381_Ser,0,0,0
5UAK_Tyr_1381_Cys,0,0,0
5UAK_Gln_1382_Lys,1,3,2
5UAK_Gln_1382_His,0,0,0
5UAK_Arg_1385_Gly,5,0,-5
5UAK_Arg_1386_Gly,1,0,-1
5UAK_Phe_1392_Leu,10,7,-3
5UAK_Asp_1394_Gly,0,0,0
5UAK_Asp_1394_His,0,0,0
5UAK_Cys_1395_Phe,1,28,27
5UAK_Thr_1396_Pro,1,3,2
5UAK_Thr_1396_Arg,0,0,0
5UAK_Ile_1398_Ser,4,1,-3
5UAK_Arg_1403_Lys,1,2,1
5UAK_Arg_1403_Gly,0,0,0
5UAK_Glu_1409_Lys,1,5,4
5UAK_Cys_1410_Trp,6,38,32
5UAK_Cys_1410_Ser,0,0,0
5UAK_Gln_1411_Pro,3,4,1
5UAK_Phe_1413_Leu,5,2,-3
5UAK_Val_1415_Gly,6,0,-6
5UAK_Val_1415_Asp,0,0,0
5UAK_Asn_1419_Lys,3,1,-2
5UAK_Val_1421_Leu,8,14,6
5UAK_Val_1421_Met,0,0,0
5UAK_Arg_1422_Trp,3,21,18
5UAK_Arg_1422_Gln,0,0,0
5UAK_Arg_1422_Pro,0,0,0
5UAK_Ser_1426_Phe,1,23,22
5UAK_Ser_1426_Pro,0,0,0
5UAK_Ser_1426_Tyr,0,0,0
5UAK_Leu_1431_Arg,2,20,18
5UAK_Asn_1432_Lys,0,1,1
5UAK_Glu_1433_Lys,4,3,-1
5UAK_Leu_1436_Phe,0,0,0
5UAK_Arg_1438_Trp,0,0,0
5UAK_Ala_1440_Thr,0,0,0
5UAK_Ile_1441_Thr,0,0,0
5UAK_Ile_1441_Val,0,0,0
5UAK_Ser_1442_Arg,0,0,0
5UAK_Pro_1443_Ser,0,0,0
5UAK_Pro_1443_Ala,0,0,0
5UAK_Ser_1444_Phe,0,0,0
5UAK_Asp_1445_Asn,0,0,0
5UAK_Phe_1450_Ile,0,0,0
5UAK_Arg_1453_Trp,0,0,0
5UAK_Arg_1453_Gln,0,0,0
5UAK_Ser_1455_Ala,0,0,0
5UAK_Lys_1457_Asn,0,0,0
5UAK_Lys_1461_Glu,0,0,0
5UAK_Ile_1464_Thr,0,0,0
5UAK_Ala_1466_Ser,0,0,0
5UAK_Val_1475_Met,0,0,0
5UAK_Val_1475_Leu,0,0,0
5UAK_Thr_1478_Arg,0,0,0
5UAK_Thr_1478_Ile,0,0,0
5UAK_Arg_1479_Lys,0,0,0
5UAK_Leu_1480_Pro,0,0,0
5UAK_Ter_1481_Tyr,0,0,0
5W81_Met_1_?,0,0,0
5W81_Arg_3_Met,0,1,1
5W81_Ser_4_Leu,2,15,13
5W81_Ser_4_Ala,0,0,0
5W81_Pro_5_Leu,3,3,0
5W81_Leu_6_Arg,9,39,30
5W81_Glu_7_Gln,0,3,3
5W81_Ala_9_Val,0,2,2
5W81_Ser_10_Arg,1,3,2
5W81_Ser_10_Asn,0,0,0
5W81_Val_11_Ile,0,0,0
5W81_Val_11_Leu,0,0,0
5W81_Val_11_Ala,0,0,0
5W81_Val_12_Ala,5,0,-5
5W81_Lys_14_Ile,0,0,0
5W81_Lys_14_Arg,0,0,0
5W81_Lys_14_Glu,0,0,0
5W81_Leu_15_Phe,8,12,4
5W81_Leu_15_Val,0,0,0
5W81_Phe_17_Leu,6,5,-1
5W81_Ser_18_Gly,6,0,-6
5W81_Thr_20_Ser,3,0,-3
5W81_Arg_21_Ile,0,2,2
5W81_Leu_24_Val,14,11,-3
5W81_Lys_26_Glu,9,0,-9
5W81_Tyr_28_His,5,29,24
5W81_Arg_29_Thr,0,0,0
5W81_Arg_31_Cys,1,1,0
5W81_Arg_31_His,0,0,0
5W81_Arg_31_Leu,0,0,0
5W81_Leu_32_Met,1,6,5
5W81_Leu_32_Pro,0,0,0
5W81_Ser_35_Leu,0,1,1
5W81_Ile_37_Val,1,1,0
5W81_Tyr_38_His,5,7,2
5W81_Tyr_38_Asn,0,0,0
5W81_Tyr_38_Cys,0,0,0
5W81_Gln_39_His,0,8,8
5W81_Ser_42_Phe,0,2,2
5W81_Val_43_Ile,0,1,1
5W81_Val_43_Ala,0,0,0
5W81_Val_43_Leu,0,0,0
5W81_Asp_44_Val,6,8,2
5W81_Ala_46_Val,5,15,10
5W81_Asn_48_Lys,1,0,-1
5W81_Leu_49_Pro,2,0,-2
5W81_Lys_52_Ile,1,3,2
5W81_Glu_54_Gly,7,0,-7
5W81_Glu_56_Lys,2,8,6
5W81_Trp_57_Arg,5,26,21
5W81_Asp_58_His,2,0,-2
5W81_Asp_58_Gly,0,0,0
5W81_Asp_58_Val,0,0,0
5W81_Glu_60_Asp,3,2,-1
5W81_Lys_64_Glu,0,0,0
5W81_Lys_65_Arg,3,22,19
5W81_Pro_67_Leu,0,1,1
5W81_Lys_68_Glu,2,29,27
5W81_Lys_68_Asn,0,0,0
5W81_Ala_72_Thr,3,2,-1
5W81_Leu_73_Phe,0,20,20
5W81_Arg_74_Trp,3,38,35
5W81_Arg_74_Gln,0,0,0
5W81_Arg_75_Gln,0,0,0
5W81_Arg_75_Leu,0,0,0
5W81_Cys_76_Trp,0,39,39
5W81_Cys_76_Arg,0,0,0
5W81_Phe_78_Tyr,9,10,1
5W81_Phe_78_Leu,0,0,0
5W81_Trp_79_Arg,1,5,4
5W81_Phe_81_Leu,3,3,0
5W81_Phe_83_Leu,1,2,1
5W81_Tyr_84_His,0,0,0
5W81_Tyr_84_Cys,0,0,0
5W81_Gly_85_Glu,1,2,1
5W81_Ile_86_Val,0,20,20
5W81_Phe_87_Ser,2,0,-2
5W81_Leu_88_Phe,3,24,21
5W81_Leu_88_Ser,0,0,0
5W81_Tyr_89_Cys,4,0,-4
5W81_Gly_91_Arg,6,19,13
5W81_Thr_94_Ile,0,10,10
5W81_Thr_94_Pro,0,0,0
5W81_Val_97_Ala,2,0,-2
5W81_Gln_98_Arg,1,0,-1
5W81_Pro_99_Leu,8,5,-3
5W81_Leu_102_Arg,2,9,7
5W81_Arg_104_Gly,0,0,0
5W81_Ile_105_Val,1,2,1
5W81_Tyr_109_Asn,2,1,-1
5W81_Asp_110_His,16,10,-6
5W81_Asp_110_Glu,0,0,0
5W81_Asp_110_Tyr,0,0,0
5W81_Pro_111_Leu,9,7,-2
5W81_Asp_112_Gly,0,0,0
5W81_Asp_112_Asn,0,0,0
5W81_Glu_116_Gln,0,0,0
5W81_Glu_116_Gly,0,0,0
5W81_Glu_116_Ala,0,0,0
5W81_Arg_117_His,4,5,1
5W81_Arg_117_Cys,0,0,0
5W81_Arg_117_Gly,0,0,0
5W81_Arg_117_Leu,0,0,0
5W81_Arg_117_Ser,0,0,0
5W81_Ser_118_Phe,0,0,0
5W81_Ser_118_Cys,0,0,0
5W81_Ile_119_Val,0,1,1
5W81_Ala_120_Thr,6,4,-2
5W81_Ala_120_Ser,0,0,0
5W81_Ile_121_Phe,0,7,7
5W81_Tyr_122_Cys,0,0,0
5W81_Ile_125_Thr,1,5,4
5W81_Gly_126_Asp,0,0,0
5W81_Gly_126_Ser,0,0,0
5W81_Gly_126_Val,0,0,0
5W81_Leu_130_Val,0,3,3
5W81_Phe_131_Leu,4,1,-3
5W81_Ile_132_Val,10,3,-7
5W81_Ile_132_Thr,0,0,0
5W81_Gly_134_Ala,0,0,0
5W81_Thr_135_Ser,7,1,-6
5W81_Leu_138_Pro,3,0,-3
5W81_Ser_138_Asn,0,0,0
5W81_His_139_Pro,1,3,2
5W81_His_139_Tyr,0,0,0
5W81_Pro_140_Ser,4,3,-1
5W81_Pro_140_Arg,0,0,0
5W81_Ala_141_Thr,3,3,0
5W81_Met_142_Thr,3,11,8
5W81_Glu_144_Lys,6,14,8
5W81_Glu_144_Asp,0,0,0
5W81_His_147_Gln,1,2,1
5W81_His_147_Asn,0,0,0
5W81_Ile_148_Thr,4,0,-4
5W81_Gly_149_Glu,5,1,-4
5W81_Met_150_Ile,0,16,16
5W81_Gln_151_Lys,3,17,14
5W81_Gln_151_Arg,0,0,0
5W81_Gln_151_Pro,0,0,0
5W81_Met_152_Leu,5,9,4
5W81_Gly_152_Arg,0,0,0
5W81_Met_152_Ile,0,0,0
5W81_Arg_153_Lys,13,12,-1
5W81_Ile_154_Thr,7,7,0
5W81_Tyr_155_Asn,3,5,2
5W81_Met_156_Val,1,9,8
5W81_Ser_158_Asn,5,1,-4
5W81_Ser_158_Thr,0,0,0
5W81_Ser_158_Cys,0,0,0
5W81_Leu_159_Ser,3,1,-2
5W81_Ile_160_Val,6,2,-4
5W81_Tyr_161_Cys,8,2,-6
5W81_Thr_164_Ala,5,1,-4
5W81_Arg_170_His,4,18,14
5W81_Arg_170_Cys,0,0,0
5W81_Arg_170_Ser,0,0,0
5W81_Val_171_Ile,3,2,-1
5W81_Leu_172_Ile,3,9,6
5W81_Ser_176_Thr,4,1,-3
5W81_Ser_176_Asn,0,0,0
5W81_Ser_176_Arg,0,0,0
5W81_Ile_177_Phe,0,4,4
5W81_Ile_177_Thr,0,0,0
5W81_Ile_177_Met,0,0,0
5W81_Ile_177_Val,0,0,0
5W81_Gly_178_Arg,1,14,13
5W81_Gly_178_Glu,0,0,0
5W81_Gln_179_Lys,0,8,8
5W81_Leu_180_Val,1,1,0
5W81_Leu_183_Ile,0,1,1
5W81_Arg_183_Lys,0,0,0
5W81_Glu_185_Val,6,8,2
5W81_His_186_Gln,1,14,13
5W81_Asn_187_Lys,0,1,1
5W81_Cys_187_Ser,0,0,0
5W81_Cys_187_Gly,0,0,0
5W81_Leu_188_Phe,2,36,34
5W81_Leu_188_Pro,0,0,0
5W81_Cys_190_Ser,0,2,2
5W81_Phe_191_Val,0,0,0
5W81_Glu_193_Gly,2,0,-2
5W81_Glu_193_Lys,0,0,0
5W81_Gly_194_Val,0,0,0
5W81_Ala_196_Val,3,3,0
5W81_Ala_198_Val,0,0,0
5W81_Ala_198_Pro,0,0,0
5W81_His_199_Arg,5,36,31
5W81_Phe_200_Leu,10,12,2
5W81_Phe_200_Ile,0,0,0
5W81_Val_201_Met,7,10,3
5W81_Ala_204_Thr,8,2,-6
5W81_Ala_204_Ser,0,0,0
5W81_Pro_205_Ser,5,3,-2
5W81_Pro_205_Leu,0,0,0
5W81_Leu_206_Trp,1,0,-1
5W81_Gln_207_His,3,2,-1
5W81_Val_208_Ala,3,0,-3
5W81_Ala_209_Ser,1,1,0
5W81_Leu_210_Phe,0,0,0
5W81_Met_212_Val,2,5,3
5W81_Gly_213_Glu,0,4,4
5W81_Leu_214_Val,0,1,1
5W81_Trp_216_Arg,4,17,13
5W81_Glu_217_Gly,0,0,0
5W81_Glu_217_Lys,0,0,0
5W81_Gln_220_Pro,2,1,-1
5W81_Ala_221_Val,8,10,2
5W81_Phe_224_Leu,1,13,12
5W81_Cys_225_Tyr,0,0,0
5W81_Gly_226_Glu,0,2,2
5W81_Gly_226_Val,0,0,0
5W81_Phe_229_Tyr,0,24,24
5W81_Val_232_Asp,0,0,0
5W81_Leu_233_Val,0,0,0
5W81_Ala_234_Ser,5,0,-5
5W81_Phe_236_Ser,0,0,0
5W81_Gln_237_Glu,2,6,4
5W81_Gly_239_Arg,0,5,5
5W81_Gly_241_Arg,3,13,10
5W81_Arg_242_Lys,0,13,13
5W81_Met_243_Thr,0,0,0
5W81_Met_243_Val,0,0,0
5W81_Met_244_Val,1,3,2
5W81_Met_244_Ile,0,0,0
5W81_Arg_248_Thr,4,5,1
5W81_Arg_248_Lys,0,0,0
5W81_Ala_252_Pro,6,5,-1
5W81_Ala_252_Ser,0,0,0
5W81_Gly_253_Glu,0,0,0
5W81_Gly_253_Arg,0,0,0
5W81_Ile_255_Asn,2,0,-2
5W81_Ile_255_Val,0,0,0
5W81_Ser_256_Gly,2,0,-2
5W81_Ser_256_Asn,0,0,0
5W81_Glu_257_Ala,0,0,0
5W81_Arg_258_Gly,1,0,-1
5W81_Arg_258_Ile,0,0,0
5W81_Leu_259_Phe,9,24,15
5W81_Leu_259_Val,0,0,0
5W81_Val_260_Gly,4,0,-4
5W81_Val_260_Met,0,0,0
5W81_Val_260_Ala,0,0,0
5W81_Met_265_Arg,12,34,22
5W81_Ile_269_Thr,7,7,0
5W81_Val_272_Ala,0,1,1
5W81_Lys_273_Gln,4,15,11
5W81_Lys_273_Met,0,0,0
5W81_Cys_276_Phe,7,31,24
5W81_Glu_279_Asp,1,2,1
5W81_Ala_280_Ser,0,0,0
5W81_Met_281_Thr,12,2,-10
5W81_Met_281_Val,0,0,0
5W81_Glu_282_Asp,6,4,-2
5W81_Lys_283_Arg,2,25,23
5W81_Ile_285_Phe,3,13,10
5W81_Ile_285_Thr,0,0,0
5W81_Asn_287_Lys,1,14,13
5W81_Asn_287_Ser,0,0,0
5W81_Asn_287_Tyr,0,0,0
5W81_Gln_290_Arg,4,8,4
5W81_Thr_291_Arg,0,14,14
5W81_Thr_291_Ile,0,0,0
5W81_Thr_291_Ala,0,0,0
5W81_Leu_293_Met,5,8,3
5W81_Arg_297_Gln,1,3,2
5W81_Arg_297_Trp,0,0,0
5W81_Ala_299_Thr,3,3,0
5W81_Ala_300_Gly,4,0,-4
5W81_Tyr_301_Cys,0,4,4
5W81_Phe_305_Val,10,2,-8
5W81_Asn_306_Ser,6,3,-3
5W81_Ala_309_Gly,0,0,0
5W81_Ala_309_Thr,0,0,0
5W81_Phe_310_Leu,1,6,5
5W81_Gly_314_Glu,3,16,13
5W81_Phe_315_Ser,3,4,1
5W81_Phe_316_Leu,6,1,-5
5W81_Val_317_Gly,0,0,0
5W81_Leu_320_Val,1,3,2
5W81_Leu_320_Phe,0,0,0
5W81_Ser_321_Pro,0,1,1
5W81_Val_322_Met,1,13,12
5W81_Tyr_325_Cys,3,5,2
5W81_Leu_327_Arg,0,0,0
5W81_Ile_331_Asn,0,2,2
5W81_Leu_333_Phe,6,22,16
5W81_Arg_334_Gln,0,0,0
5W81_Arg_334_Trp,0,0,0
5W81_Arg_334_Leu,0,0,0
5W81_Ile_336_Lys,8,3,-5
5W81_Ile_336_Thr,0,0,0
5W81_Phe_337_Val,10,4,-6
5W81_Thr_338_Ile,11,6,-5
5W81_Thr_338_Ala,0,0,0
5W81_Ile_340_Val,6,6,0
5W81_Cys_343_Phe,15,22,7
5W81_Ile_344_Val,1,3,2
5W81_Arg_347_His,3,7,4
5W81_Arg_347_Pro,0,0,0
5W81_Arg_347_Cys,0,0,0
5W81_Arg_347_Ser,0,0,0
5W81_Met_348_Lys,8,16,8
5W81_Met_348_Val,0,0,0
5W81_Ala_349_Val,3,1,-2
5W81_Thr_351_Ser,2,2,0
5W81_Thr_351_Ile,0,0,0
5W81_Arg_352_Trp,8,55,47
5W81_Arg_352_Gln,0,0,0
5W81_Gln_353_His,5,1,-4
5W81_Pro_355_Leu,2,7,5
5W81_Thr_360_Ile,0,0,0
5W81_Trp_361_Arg,9,21,12
5W81_Asn_369_Ser,3,0,-3
5W81_Lys_370_Glu,4,0,-4
5W81_Ile_371_Met,1,1,0
5W81_Ile_371_Thr,0,0,0
5W81_Asp_373_Asn,0,6,6
5W81_Asp_373_Tyr,0,0,0
5W81_Asp_373_Val,0,0,0
5W81_Leu_375_Phe,8,7,-1
5W81_Gln_378_Arg,3,11,8
5W81_Glu_379_Asp,7,1,-6
5W81_Tyr_380_Cys,3,1,-2
5W81_Thr_382_Pro,0,0,0
5W81_Glu_384_Asp,0,1,1
5W81_Leu_387_Ser,0,0,0
5W81_Thr_388_Met,2,5,3
5W81_Thr_389_Ser,0,2,2
5W81_Thr_390_Ile,0,3,3
5W81_Thr_390_Ala,0,0,0
5W81_Met_394_Thr,2,1,-1
5W81_Asn_396_Tyr,1,14,13
5W81_Asn_396_Thr,0,0,0
5W81_Ala_399_Val,1,1,0
5W81_Ala_399_Gly,0,0,0
5W81_Phe_400_Ser,1,5,4
5W81_Trp_401_Cys,2,2,0
5W81_Trp_401_Leu,0,0,0
5W81_Gly_404_Arg,0,0,0
5W81_Gly_404_Val,0,0,0
5W81_Gly_404_Ala,0,0,0
5W81_Gly_406_Glu,0,0,0
5W81_Glu_407_Lys,0,0,0
5W81_Glu_407_Val,0,0,0
5W81_Phe_409_Ile,0,0,0
5W81_Lys_411_Glu,0,0,0
5W81_Ala_412_Ser,0,0,0
5W81_Gln_414_Pro,0,0,0
5W81_Asn_416_Ser,0,0,0
5W81_Asn_416_Asp,0,0,0
5W81_Asn_418_Ser,0,0,0
5W81_Asn_423_Lys,0,0,0
5W81_Gly_424_Ser,0,0,0
5W81_Leu_428_Ile,0,0,0
5W81_Ser_431_Gly,0,0,0
5W81_Leu_435_Pro,0,0,0
5W81_Gly_437_Asp,0,0,0
5W81_Thr_438_Ala,2,1,-1
5W81_Pro_439_Thr,6,3,-3
5W81_Val_440_Ala,5,1,-4
5W81_Leu_441_Pro,10,6,-4
5W81_Asp_443_Tyr,6,10,4
5W81_Asp_443_Glu,0,0,0
5W81_Ile_444_Thr,0,0,0
5W81_Ile_444_Val,0,0,0
5W81_Lys_447_Arg,7,6,-1
5W81_Ile_448_Thr,4,6,2
5W81_Glu_449_Gly,0,0,0
5W81_Arg_450_Ile,0,8,8
5W81_Gly_451_Arg,6,6,0
5W81_Gln_452_Arg,9,32,23
5W81_Ala_455_Val,7,7,0
5W81_Ala_455_Glu,0,0,0
5W81_Val_456_Ala,6,1,-5
5W81_Ser_459_Phe,3,21,18
5W81_Ala_462_Val,0,12,12
5W81_Thr_465_Asn,2,7,5
5W81_Ser_466_Leu,1,12,11
5W81_Leu_467_Phe,4,30,26
5W81_Leu_467_Pro,0,0,0
5W81_Met_469_Ile,2,8,6
5W81_Met_469_Val,0,0,0
5W81_Val_470_Met,2,6,4
5W81_Ile_471_Val,1,1,0
5W81_Glu_474_Gln,9,19,10
5W81_Pro_477_Ser,0,0,0
5W81_Pro_477_Thr,0,0,0
5W81_Glu_479_Asp,0,7,7
5W81_Glu_479_Gly,0,0,0
5W81_Gly_480_Cys,0,0,0
5W81_His_484_Tyr,0,16,16
5W81_Ser_485_Cys,0,6,6
5W81_Ser_485_Thr,0,0,0
5W81_Arg_487_Lys,4,14,10
5W81_Phe_490_Cys,0,0,0
5W81_Cys_491_Phe,2,31,29
5W81_Ser_492_Phe,7,20,13
5W81_Gln_493_Arg,0,8,8
5W81_Ser_495_Phe,6,3,-3
5W81_Met_498_Thr,3,0,-3
5W81_Pro_499_Ala,0,3,3
5W81_Pro_499_Ser,0,0,0
5W81_Gly_500_Asp,3,2,-1
5W81_Gly_500_Ser,0,0,0
5W81_Ile_502_Thr,5,3,-2
5W81_Ile_502_Val,0,0,0
5W81_Ile_506_Val,5,0,-5
5W81_Ile_506_Thr,0,0,0
5W81_Ile_506_Leu,0,0,0
5W81_Ile_507_Val,6,2,-4
5W81_Phe_508_Cys,0,12,12
5W81_Phe_508_Val,0,0,0
5W81_Phe_508_Leu,0,0,0
5W81_Val_510_Ile,0,0,0
5W81_Asp_513_Gly,0,0,0
5W81_Asp_513_Tyr,0,0,0
5W81_Tyr_515_His,4,9,5
5W81_Ser_519_Asn,5,6,1
5W81_Val_520_Ile,1,6,5
5W81_Val_520_Phe,0,0,0
5W81_Ile_521_Leu,0,8,8
5W81_Ile_521_Phe,0,0,0
5W81_Cys_524_Arg,5,25,20
5W81_Glu_527_Gly,0,0,0
5W81_Glu_527_Gln,0,0,0
5W81_Glu_528_Lys,6,17,11
5W81_Ile_530_Met,1,9,8
5W81_Ile_530_Asn,0,0,0
5W81_Lys_532_Asn,2,0,-2
5W81_Ala_534_Glu,0,0,0
5W81_Ala_534_Ser,0,0,0
5W81_Lys_536_Glu,0,4,4
5W81_Asn_538_Lys,2,9,7
5W81_Asn_538_Tyr,0,0,0
5W81_Ile_539_Thr,1,0,-1
5W81_Val_540_Ile,9,5,-4
5W81_Val_540_Ala,0,0,0
5W81_Gly_542_Glu,5,4,-1
5W81_Gly_542_Arg,0,0,0
5W81_Gly_544_Ser,0,8,8
5W81_Ile_546_Phe,1,18,17
5W81_Thr_547_Ile,4,7,3
5W81_Thr_547_Ala,0,0,0
5W81_Leu_548_Pro,7,16,9
5W81_Ser_549_Asn,0,19,19
5W81_Ser_549_Arg,0,0,0
5W81_Gly_551_Asp,7,8,1
5W81_Gly_551_Ser,0,0,0
5W81_Arg_553_Gln,1,13,12
5W81_Arg_553_Pro,0,0,0
5W81_Ile_556_Val,1,5,4
5W81_Ser_557_Thr,4,1,-3
5W81_Leu_558_Ser,1,2,1
5W81_Ala_559_Thr,3,2,-1
5W81_Ala_559_Ser,0,0,0
5W81_Arg_560_Thr,1,4,3
5W81_Arg_560_Ser,0,0,0
5W81_Ala_561_Glu,9,17,8
5W81_Ala_561_Ser,0,0,0
5W81_Val_562_Ile,3,6,3
5W81_Val_562_Leu,0,0,0
5W81_Tyr_563_Asn,6,4,-2
5W81_Lys_564_Arg,0,0,0
5W81_Lys_564_Glu,0,0,0
5W81_Asp_565_His,2,28,26
5W81_Asp_565_Tyr,0,0,0
5W81_Ala_566_Asp,1,2,1
5W81_Asp_567_Asn,6,3,-3
5W81_Tyr_569_Asp,7,13,6
5W81_Asp_572_Glu,0,4,4
5W81_Ser_573_Phe,3,23,20
5W81_Ser_573_Cys,0,0,0
5W81_Pro_574_His,14,12,-2
5W81_Phe_575_Tyr,2,10,8
5W81_Phe_575_Ile,0,0,0
5W81_Gly_576_Ala,4,0,-4
5W81_Gly_576_Val,0,0,0
5W81_Tyr_577_Cys,9,2,-7
5W81_Tyr_577_Phe,0,0,0
5W81_Asp_579_Gly,7,0,-7
5W81_Thr_582_Ser,10,0,-10
5W81_Glu_583_Gly,2,0,-2
5W81_Glu_585_Lys,7,15,8
5W81_Phe_587_Val,1,1,0
5W81_Phe_587_Ile,0,0,0
5W81_Glu_588_Lys,3,6,3
5W81_Glu_588_Gly,0,0,0
5W81_Glu_588_Ala,0,0,0
5W81_Ser_589_Thr,4,4,0
5W81_Cys_592_Tyr,0,0,0
5W81_Met_595_Val,0,0,0
5W81_Met_595_Leu,0,0,0
5W81_Asn_597_Lys,2,7,5
5W81_Thr_599_Ser,9,1,-8
5W81_Ile_601_Val,6,1,-5
5W81_Ile_601_Phe,0,0,0
5W81_Val_603_Ile,5,13,8
5W81_Ser_605_Pro,4,12,8
5W81_Leu_610_Ile,3,7,4
5W81_Leu_610_Phe,0,0,0
5W81_Asp_614_Gly,2,0,-2
5W81_Ile_616_Val,4,7,3
5W81_Leu_617_Phe,4,13,9
5W81_Ile_618_Thr,4,3,-1
5W81_His_620_Arg,3,3,0
5W81_His_620_Leu,0,0,0
5W81_Gly_622_Asp,8,5,-3
5W81_Tyr_625_Asn,9,5,-4
5W81_Phe_626_Leu,2,3,1
5W81_Tyr_627_Cys,0,10,10
5W81_Gly_628_Arg,4,2,-2
5W81_Thr_629_Ala,5,0,-5
5W81_Leu_633_Ile,0,1,1
5W81_Asn_635_Thr,4,1,-3
5W81_Leu_636_Pro,0,3,3
5W81_Pro_638_Ser,0,0,0
5W81_Ser_641_Gly,0,0,0
5W81_Met_645_Thr,0,0,0
5W81_Met_645_Lys,0,0,0
5W81_Asp_648_Asn,0,0,0
5W81_Phe_650_Leu,0,0,0
5W81_Asp_651_Asn,0,0,0
5W81_Gln_652_Glu,0,0,0
5W81_Gln_652_Lys,0,0,0
5W81_Phe_653_Val,0,0,0
5W81_Ser_654_Gly,0,0,0
5W81_Glu_656_Gln,0,0,0
5W81_Ile_661_Met,0,0,0
5W81_Ile_661_Val,0,0,0
5W81_Ile_661_Thr,0,0,0
5W81_His_667_Tyr,0,0,0
5W81_Arg_668_Cys,0,0,0
5W81_Arg_668_His,0,0,0
5W81_Glu_672_Lys,0,0,0
5W81_Asp_674_Gly,0,0,0
5W81_Asp_674_Val,0,0,0
5W81_Ala_675_Val,0,0,0
5W81_Pro_676_Ala,0,0,0
5W81_Pro_676_Ser,0,0,0
5W81_Glu_681_Val,0,0,0
5W81_Lys_684_Thr,0,0,0
5W81_Ser_686_Tyr,0,0,0
5W81_Ser_686_Thr,0,0,0
5W81_Lys_688_Gln,0,0,0
5W81_Thr_690_Ala,0,0,0
5W81_Gly_691_Arg,0,0,0
5W81_Phe_693_Leu,0,0,0
5W81_Glu_695_Gly,0,0,0
5W81_Asn_699_Lys,0,0,0
5W81_Asn_703_Ile,0,0,0
5W81_Pro_704_Leu,0,0,0
5W81_Pro_704_Arg,0,0,0
5W81_Ile_705_Val,0,0,0
5W81_Ser_707_Cys,0,0,0
5W81_Ile_708_Thr,0,0,0
5W81_Arg_709_Gln,0,0,0
5W81_Val_714_Leu,0,0,0
5W81_Gln_715_His,0,0,0
5W81_Pro_718_Arg,0,0,0
5W81_Gln_720_Arg,0,0,0
5W81_Gly_723_Val,0,0,0
5W81_Glu_725_Lys,0,0,0
5W81_Asp_727_Ala,0,0,0
5W81_Pro_731_Leu,0,0,0
5W81_Ser_737_Phe,0,0,0
5W81_Ser_737_Thr,0,0,0
5W81_Pro_740_Leu,0,0,0
5W81_Gln_744_Pro,0,0,0
5W81_Ala_747_Val,0,0,0
5W81_Pro_750_Leu,0,0,0
5W81_Arg_751_Cys,0,0,0
5W81_Arg_751_His,0,0,0
5W81_Arg_751_Leu,0,0,0
5W81_Ile_752_Ser,0,0,0
5W81_Ser_753_Gly,0,0,0
5W81_Ser_753_Asn,0,0,0
5W81_Val_754_Met,0,0,0
5W81_Ile_755_Phe,0,0,0
5W81_Ser_756_Cys,0,0,0
5W81_Thr_757_Ser,0,0,0
5W81_Thr_760_Met,0,0,0
5W81_Thr_760_Arg,0,0,0
5W81_Arg_764_Gln,0,0,0
5W81_Arg_765_Lys,0,0,0
5W81_Arg_766_Lys,0,0,0
5W81_Gln_767_His,0,0,0
5W81_Ser_768_Phe,0,0,0
5W81_Val_769_Ile,0,0,0
5W81_His_775_Tyr,0,0,0
5W81_His_775_Arg,0,0,0
5W81_Ser_776_Leu,0,0,0
5W81_Gln_781_His,0,0,0
5W81_Ile_783_Val,0,0,0
5W81_Arg_785_Gln,0,0,0
5W81_Arg_785_Pro,0,0,0
5W81_Lys_786_Asn,0,0,0
5W81_Arg_792_Gly,0,0,0
5W81_Arg_792_Gln,0,0,0
5W81_Val_794_Leu,0,0,0
5W81_Leu_796_Pro,0,0,0
5W81_Pro_798_Ser,0,0,0
5W81_Gln_799_Lys,0,0,0
5W81_Ala_800_Ser,0,0,0
5W81_Ala_800_Val,0,0,0
5W81_Asn_801_Tyr,0,0,0
5W81_Leu_802_Phe,0,0,0
5W81_Asp_806_Gly,0,0,0
5W81_Ile_807_Met,0,0,0
5W81_Arg_810_Gly,0,0,0
5W81_Arg_811_Ser,0,0,0
5W81_Gly_817_Val,0,0,0
5W81_Ser_821_Asn,0,0,0
5W81_Glu_823_Asp,0,0,0
5W81_Glu_826_Lys,0,0,0
5W81_Glu_826_Asp,0,0,0
5W81_Asp_828_Asn,0,0,0
5W81_Asp_828_Glu,0,0,0
5W81_Cys_832_Tyr,0,0,0
5W81_Cys_832_Gly,0,0,0
5W81_Phe_834_Leu,0,0,0
5W81_Asp_836_Tyr,0,0,0
5W81_Met_837_Thr,0,0,0
5W81_Asn_847_Ser,2,0,-2
5W81_Tyr_849_Cys,8,2,-6
5W81_Arg_851_Gln,2,2,0
5W81_Ile_853_Val,2,3,1
5W81_Ile_853_Phe,0,0,0
5W81_Thr_854_Ile,4,8,4
5W81_Val_855_Ile,1,0,-1
5W81_Lys_857_Asn,3,11,8
5W81_Leu_859_Phe,0,9,9
5W81_Val_862_Leu,0,1,1
5W81_Cys_866_Tyr,0,0,0
5W81_Glu_873_Val,0,0,0
5W81_Val_874_Leu,0,0,0
5W81_Ala_876_Val,1,1,0
5W81_Ser_877_Ala,0,0,0
5W81_Thr_887_Pro,0,0,0
5W81_Thr_887_Asn,0,0,0
5W81_Pro_888_His,0,0,0
5W81_Leu_889_Phe,0,0,0
5W81_Leu_889_Val,0,0,0
5W81_Gln_890_Arg,0,0,0
5W81_Asp_891_Gly,0,0,0
5W81_Asp_891_Asn,0,0,0
5W81_Asn_894_Lys,0,0,0
5W81_Asn_894_Ser,0,0,0
5W81_Ser_895_Asn,0,0,0
5W81_Ser_895_Thr,0,0,0
5W81_Thr_896_Ile,0,0,0
5W81_His_897_Tyr,0,0,0
5W81_Ser_898_Arg,0,0,0
5W81_Asn_901_Ile,0,0,0
5W81_Tyr_903_Cys,0,0,0
5W81_Val_905_Leu,0,0,0
5W81_Ile_907_Ser,0,0,0
5W81_Ile_907_Val,0,0,0
5W81_Thr_908_Asn,0,0,0
5W81_Thr_910_Ser,0,0,0
5W81_Ser_911_Asn,0,0,0
5W81_Ser_912_Leu,0,0,0
5W81_Tyr_913_Cys,0,0,0
5W81_Val_915_Leu,0,0,0
5W81_Ile_918_Val,0,1,1
5W81_Tyr_919_Cys,3,5,2
5W81_Val_920_Met,1,7,6
5W81_Val_920_Leu,0,0,0
5W81_Gly_921_Arg,9,16,7
5W81_Val_922_Gly,1,0,-1
5W81_Asp_924_Asn,1,0,-1
5W81_Thr_925_Asn,8,0,-8
5W81_Leu_926_Phe,0,10,10
5W81_Leu_926_Ser,0,0,0
5W81_Gly_934_Ser,6,1,-5
5W81_Pro_936_Thr,2,6,4
5W81_Pro_936_Leu,0,0,0
5W81_Val_938_Leu,0,4,4
5W81_Val_938_Gly,0,0,0
5W81_Val_938_Met,0,0,0
5W81_His_939_Asp,1,0,-1
5W81_His_939_Gln,0,0,0
5W81_Val_944_Ala,1,1,0
5W81_Ser_945_Leu,2,6,4
5W81_Lys_946_Glu,1,7,6
5W81_Lys_946_Gln,0,0,0
5W81_Leu_948_Phe,4,36,32
5W81_His_949_Leu,4,11,7
5W81_His_949_Tyr,0,0,0
5W81_His_950_Arg,4,27,23
5W81_Lys_951_Glu,1,0,-1
5W81_Lys_951_Thr,0,0,0
5W81_Met_952_Thr,5,2,-3
5W81_Met_952_Ile,0,0,0
5W81_His_954_Tyr,1,5,4
5W81_Ala_959_Val,1,4,3
5W81_Ala_959_Thr,0,0,0
5W81_Pro_960_Ser,7,0,-7
5W81_Pro_960_Leu,0,0,0
5W81_Met_961_Thr,3,2,-1
5W81_Met_961_Ile,0,0,0
5W81_Met_961_Val,0,0,0
5W81_Leu_964_Phe,4,23,19
5W81_Asn_965_Lys,4,10,6
5W81_Leu_967_Ser,1,4,3
5W81_Gly_970_Asp,1,4,3
5W81_Phe_976_Ser,0,1,1
5W81_Phe_976_Leu,0,0,0
5W81_Ser_977_Phe,5,16,11
5W81_Ser_977_Ala,0,0,0
5W81_Ser_977_Cys,0,0,0
5W81_Ser_977_Pro,0,0,0
5W81_Lys_978_Arg,0,17,17
5W81_Asp_979_Ala,1,0,-1
5W81_Asp_979_Gly,0,0,0
5W81_Ile_980_Lys,7,19,12
5W81_Ile_982_Val,1,1,0
5W81_Asp_984_Asn,4,1,-3
5W81_Asp_985_Asn,2,4,2
5W81_Asp_985_Glu,0,0,0
5W81_Leu_986_Pro,3,6,3
5W81_Thr_990_Asn,2,4,2
5W81_Thr_990_Ser,0,0,0
5W81_Ile_991_Val,3,1,-2
5W81_Ile_991_Met,0,0,0
5W81_Phe_992_Leu,6,5,-1
5W81_Asp_993_Gly,0,0,0
5W81_Phe_994_Leu,0,0,0
5W81_Phe_994_Cys,0,0,0
5W81_Ile_995_Asn,7,10,3
5W81_Ile_995_Leu,0,0,0
5W81_Leu_997_Phe,6,20,14
5W81_Val_1001_Leu,2,2,0
5W81_Ile_1002_Phe,3,4,1
5W81_Gly_1003_Glu,4,12,8
5W81_Ala_1004_Gly,5,0,-5
5W81_Ile_1005_Arg,7,42,35
5W81_Ala_1006_Thr,1,1,0
5W81_Ala_1006_Glu,0,0,0
5W81_Val_1008_Asp,2,5,3
5W81_Ala_1009_Thr,1,1,0
5W81_Ala_1009_Val,0,0,0
5W81_Pro_1013_His,1,2,1
5W81_Pro_1013_Leu,0,0,0
5W81_Pro_1013_Arg,0,0,0
5W81_Tyr_1014_Cys,0,0,0
5W81_Phe_1016_Ser,2,0,-2
5W81_Ala_1018_Thr,1,0,-1
5W81_Pro_1021_Thr,1,0,-1
5W81_Pro_1021_Ser,0,0,0
5W81_Val_1022_Met,2,4,2
5W81_Ile_1023_Val,1,0,-1
5W81_Ile_1023_Arg,0,0,0
5W81_Ala_1025_Ser,1,1,0
5W81_Ala_1025_Val,0,0,0
5W81_Ile_1027_Thr,1,4,3
5W81_Met_1028_Val,2,4,2
5W81_Met_1028_Arg,0,0,0
5W81_Met_1028_Ile,0,0,0
5W81_Leu_1029_Met,2,1,-1
5W81_Ala_1031_Val,0,1,1
5W81_Tyr_1032_Cys,0,0,0
5W81_Thr_1036_Asn,0,0,0
5W81_Gln_1039_Arg,0,0,0
5W81_Lys_1041_Gln,6,25,19
5W81_Glu_1044_Gln,3,2,-1
5W81_Gly_1047_Val,1,0,-1
5W81_Ser_1049_Asn,3,18,15
5W81_Pro_1050_Ala,1,0,-1
5W81_Ile_1051_Val,4,2,-2
5W81_Ile_1051_Phe,0,0,0
5W81_Phe_1052_Val,13,5,-8
5W81_Phe_1052_Leu,0,0,0
5W81_Thr_1053_Ile,1,5,4
5W81_His_1054_Gln,0,0,0
5W81_His_1054_Tyr,0,0,0
5W81_Thr_1057_Ala,0,0,0
5W81_Gly_1061_Arg,0,10,10
5W81_Leu_1065_Phe,6,17,11
5W81_Arg_1066_His,1,29,28
5W81_Arg_1066_Cys,0,0,0
5W81_Ala_1067_Val,2,1,-1
5W81_Ala_1067_Thr,0,0,0
5W81_Gly_1069_Arg,0,49,49
5W81_Arg_1070_Gln,7,8,1
5W81_Arg_1070_Trp,0,0,0
5W81_Gln_1071_Arg,7,7,0
5W81_Phe_1074_Leu,18,5,-13
5W81_Leu_1077_Pro,0,0,0
5W81_Lys_1080_Arg,0,0,0
5W81_Lys_1080_Gln,0,0,0
5W81_Lys_1080_Glu,0,0,0
5W81_Ala_1081_Gly,5,0,-5
5W81_His_1085_Pro,2,2,0
5W81_Thr_1086_Ser,8,6,-2
5W81_Thr_1086_Ala,0,0,0
5W81_Trp_1089_Cys,0,0,0
5W81_Phe_1090_Leu,3,5,2
5W81_Leu_1091_Phe,2,10,8
5W81_Tyr_1092_His,0,0,0
5W81_Tyr_1092_Cys,0,0,0
5W81_Arg_1097_Cys,9,8,-1
5W81_Arg_1097_His,0,0,0
5W81_Arg_1097_Pro,0,0,0
5W81_Trp_1098_Cys,7,3,-4
5W81_Phe_1099_Leu,6,6,0
5W81_Gln_1100_Pro,6,6,0
5W81_Met_1101_Lys,2,27,25
5W81_Met_1101_Ile,0,0,0
5W81_Arg_1102_Lys,4,29,25
5W81_Ile_1106_Thr,14,1,-13
5W81_Val_1108_Leu,5,4,-1
5W81_Ile_1109_Val,9,2,-7
5W81_Phe_1111_Leu,0,17,17
5W81_Val_1114_Leu,1,3,2
5W81_Phe_1116_Ser,2,0,-2
5W81_Ile_1117_Thr,0,1,1
5W81_Ser_1118_Phe,6,5,-1
5W81_Ser_1118_Cys,0,0,0
5W81_Gly_1130_Ala,0,0,0
5W81_Gly_1130_Val,0,0,0
5W81_Gly_1130_Ser,0,0,0
5W81_Ile_1131_Val,0,1,1
5W81_Ala_1136_Thr,7,4,-3
5W81_Met_1137_Val,2,0,-2
5W81_Met_1137_Thr,0,0,0
5W81_Ile_1139_Val,8,2,-6
5W81_Met_1140_Val,6,6,0
5W81_Ala_1146_Val,6,0,-6
5W81_Ala_1146_Asp,0,0,0
5W81_Val_1147_Glu,7,15,8
5W81_Asn_1148_Lys,10,17,7
5W81_Ile_1151_Val,6,7,1
5W81_Asp_1152_His,0,0,0
5W81_Val_1153_Glu,7,10,3
5W81_Val_1153_Met,0,0,0
5W81_Asp_1154_Glu,2,17,15
5W81_Asp_1154_Gly,0,0,0
5W81_Leu_1156_Phe,0,0,0
5W81_Met_1157_Ile,1,5,4
5W81_Arg_1158_Gln,1,15,14
5W81_Ser_1159_Pro,5,0,-5
5W81_Ser_1159_Phe,0,0,0
5W81_Arg_1162_Leu,3,8,5
5W81_Arg_1162_Gln,0,0,0
5W81_Val_1163_Gly,0,0,0
5W81_Lys_1165_Arg,10,32,22
5W81_Ile_1167_Val,2,3,1
5W81_Asp_1168_Gly,4,0,-4
5W81_Thr_1171_Ala,4,0,-4
5W81_Glu_1172_Gln,11,2,-9
5W81_Gly_1173_Ser,1,0,-1
5W81_Lys_1174_Thr,14,5,-9
5W81_Lys_1177_Arg,4,35,31
5W81_Lys_1177_Thr,0,0,0
5W81_Pro_1181_Gln,0,0,0
5W81_Tyr_1182_His,0,0,0
5W81_Lys_1183_Asn,0,0,0
5W81_Asn_1184_Lys,0,0,0
5W81_Gln_1186_His,0,0,0
5W81_Leu_1187_Val,0,0,0
5W81_Leu_1187_Ile,0,0,0
5W81_Ser_1188_Pro,0,0,0
5W81_Ser_1188_Leu,0,0,0
5W81_Met_1191_Thr,0,0,0
5W81_His_1197_Leu,0,0,0
5W81_His_1197_Arg,0,0,0
5W81_Val_1198_Met,0,0,0
5W81_Val_1198_Leu,0,0,0
5W81_Lys_1199_Arg,0,0,0
5W81_Lys_1200_Gln,0,0,0
5W81_Asp_1201_Tyr,0,0,0
5W81_Ile_1203_Phe,0,0,0
5W81_Ile_1203_Val,0,0,0
5W81_Gly_1208_Asp,3,3,0
5W81_Gln_1209_Lys,0,25,25
5W81_Met_1210_Leu,0,0,0
5W81_Thr_1216_Ala,6,3,-3
5W81_Ala_1217_Val,2,2,0
5W81_Tyr_1219_His,0,3,3
5W81_Thr_1220_Ile,25,14,-11
5W81_Gly_1223_Arg,0,0,0
5W81_Asn_1224_Lys,0,14,14
5W81_Ala_1225_Val,4,3,-1
5W81_Ile_1226_Thr,0,4,4
5W81_Leu_1227_Ser,4,1,-3
5W81_Glu_1228_Gln,5,3,-2
5W81_Glu_1228_Gly,0,0,0
5W81_Asn_1229_Lys,2,2,0
5W81_Ile_1230_Thr,1,1,0
5W81_Ile_1230_Val,0,0,0
5W81_Ile_1234_Val,2,3,1
5W81_Ser_1235_Arg,2,24,22
5W81_Gly_1237_Asp,0,19,19
5W81_Gln_1238_Lys,3,6,3
5W81_Val_1240_Gly,7,0,-7
5W81_Gly_1241_Asp,4,4,0
5W81_Leu_1242_Phe,0,39,39
5W81_Gly_1244_Glu,4,5,1
5W81_Gly_1244_Val,0,0,0
5W81_Thr_1246_Ile,1,1,0
5W81_Thr_1246_Ser,0,0,0
5W81_Ser_1248_Leu,0,25,25
5W81_Gly_1249_Glu,2,5,3
5W81_Gly_1249_Arg,0,0,0
5W81_Ser_1251_Asn,4,4,0
5W81_Ser_1251_Arg,0,0,0
5W81_Leu_1254_Phe,4,14,10
5W81_Ser_1255_Thr,10,1,-9
5W81_Ser_1255_Leu,0,0,0
5W81_Ala_1256_Val,4,9,5
5W81_Phe_1257_Leu,2,16,14
5W81_Arg_1259_Thr,9,3,-6
5W81_Thr_1263_Ile,3,1,-2
5W81_Glu_1264_Gly,3,0,-3
5W81_Gln_1268_Arg,3,27,24
5W81_Ile_1269_Met,1,4,3
5W81_Asp_1270_Asn,6,1,-5
5W81_Asp_1270_Gly,0,0,0
5W81_Val_1272_Glu,0,0,0
5W81_Val_1272_Gly,0,0,0
5W81_Ile_1277_Val,0,0,0
5W81_Ile_1277_Thr,0,0,0
5W81_Leu_1279_Trp,3,0,-3
5W81_Gln_1281_Arg,0,4,4
5W81_Trp_1282_Cys,4,2,-2
5W81_Arg_1283_Lys,4,9,5
5W81_Ala_1285_Val,0,0,0
5W81_Val_1288_Ala,0,5,5
5W81_Ile_1289_Val,3,4,1
5W81_Pro_1290_Leu,4,7,3
5W81_Pro_1290_Thr,0,0,0
5W81_Gln_1291_His,1,5,4
5W81_Gln_1291_Arg,0,0,0
5W81_Val_1293_Ile,1,0,-1
5W81_Val_1293_Leu,0,0,0
5W81_Thr_1299_Ala,0,3,3
5W81_Phe_1300_Leu,3,3,0
5W81_Asn_1303_Lys,8,8,0
5W81_Asn_1303_Ile,0,0,0
5W81_Asn_1303_Tyr,0,0,0
5W81_Leu_1304_Val,3,4,1
5W81_Pro_1306_Ser,5,1,-4
5W81_Tyr_1307_Asn,6,9,3
5W81_Gln_1309_Glu,0,0,0
5W81_Trp_1310_Gly,1,0,-1
5W81_Ser_1311_Arg,15,8,-7
5W81_Asp_1312_Gly,1,0,-1
5W81_Gln_1313_Lys,2,8,6
5W81_Val_1318_Ala,3,0,-3
5W81_Val_1318_Ile,0,0,0
5W81_Val_1322_Phe,5,13,8
5W81_Val_1322_Ile,0,0,0
5W81_Val_1327_Leu,0,2,2
5W81_Ile_1328_Thr,2,2,0
5W81_Ile_1328_Met,0,0,0
5W81_Ile_1328_Val,0,0,0
5W81_Gln_1330_Glu,11,10,-1
5W81_Phe_1331_Leu,0,0,0
5W81_Phe_1331_Ile,0,0,0
5W81_Leu_1335_Phe,5,39,34
5W81_Phe_1337_Val,4,3,-1
5W81_Leu_1339_Pro,0,0,0
5W81_Asp_1341_Gly,0,0,0
5W81_Gly_1343_Ser,0,0,0
5W81_Gly_1343_Ala,0,0,0
5W81_Gly_1343_Asp,0,0,0
5W81_Cys_1344_Ser,0,1,1
5W81_Leu_1346_Gln,2,6,4
5W81_Ser_1347_Asn,7,3,-4
5W81_Gly_1349_Ser,6,9,3
5W81_Lys_1351_Asn,5,1,-4
5W81_Gln_1352_His,2,6,4
5W81_Gln_1352_Glu,0,0,0
5W81_Met_1354_Thr,7,9,2
5W81_Met_1354_Ile,0,0,0
5W81_Cys_1355_Gly,3,0,-3
5W81_Cys_1355_Phe,0,0,0
5W81_Arg_1358_Gly,1,0,-1
5W81_Ser_1359_Cys,5,0,-5
5W81_Leu_1361_Val,6,3,-3
5W81_Ser_1362_Asn,12,0,-12
5W81_Ser_1362_Thr,0,0,0
5W81_Lys_1363_Arg,0,13,13
5W81_Ala_1364_Val,0,0,0
5W81_Ile_1366_Phe,0,9,9
5W81_Ile_1366_Thr,0,0,0
5W81_Ile_1366_Asn,0,0,0
5W81_Leu_1369_Phe,15,34,19
5W81_Asp_1370_Gly,4,0,-4
5W81_Asp_1370_His,0,0,0
5W81_Pro_1372_Leu,6,3,-3
5W81_His_1375_Asn,2,5,3
5W81_His_1375_Arg,0,0,0
5W81_Asp_1377_Asn,3,2,-1
5W81_Asp_1377_His,0,0,0
5W81_Pro_1378_Leu,4,5,1
5W81_Val_1379_Leu,0,3,3
5W81_Thr_1380_Ile,2,0,-2
5W81_Tyr_1381_His,4,7,3
5W81_Tyr_1381_Ser,0,0,0
5W81_Tyr_1381_Cys,0,0,0
5W81_Gln_1382_Lys,5,16,11
5W81_Gln_1382_His,0,0,0
5W81_Arg_1385_Gly,2,0,-2
5W81_Arg_1386_Gly,7,0,-7
5W81_Phe_1392_Leu,3,20,17
5W81_Asp_1394_Gly,0,0,0
5W81_Asp_1394_His,0,0,0
5W81_Cys_1395_Phe,2,5,3
5W81_Thr_1396_Pro,2,2,0
5W81_Thr_1396_Arg,0,0,0
5W81_Ile_1398_Ser,10,3,-7
5W81_Arg_1403_Lys,7,4,-3
5W81_Arg_1403_Gly,0,0,0
5W81_Glu_1409_Lys,0,9,9
5W81_Cys_1410_Trp,6,13,7
5W81_Cys_1410_Ser,0,0,0
5W81_Gln_1411_Pro,3,1,-2
5W81_Phe_1413_Leu,0,7,7
5W81_Val_1415_Gly,7,0,-7
5W81_Val_1415_Asp,0,0,0
5W81_Asn_1419_Lys,0,0,0
5W81_Val_1421_Leu,0,4,4
5W81_Val_1421_Met,0,0,0
5W81_Arg_1422_Trp,4,31,27
5W81_Arg_1422_Gln,0,0,0
5W81_Arg_1422_Pro,0,0,0
5W81_Ser_1426_Phe,1,1,0
5W81_Ser_1426_Pro,0,0,0
5W81_Ser_1426_Tyr,0,0,0
5W81_Leu_1431_Arg,6,12,6
5W81_Asn_1432_Lys,3,4,1
5W81_Glu_1433_Lys,2,2,0
5W81_Leu_1436_Phe,1,0,-1
5W81_Arg_1438_Trp,1,1,0
5W81_Ala_1440_Thr,8,3,-5
5W81_Ile_1441_Thr,0,6,6
5W81_Ile_1441_Val,0,0,0
5W81_Ser_1442_Arg,7,17,10
5W81_Pro_1443_Ser,0,0,0
5W81_Pro_1443_Ala,0,0,0
5W81_Ser_1444_Phe,2,15,13
5W81_Asp_1445_Asn,0,0,0
5W81_Phe_1450_Ile,0,0,0
5W81_Arg_1453_Trp,0,0,0
5W81_Arg_1453_Gln,0,0,0
5W81_Ser_1455_Ala,0,0,0
5W81_Lys_1457_Asn,0,1,1
5W81_Lys_1461_Glu,0,0,0
5W81_Ile_1464_Thr,0,0,0
5W81_Ala_1466_Ser,0,0,0
5W81_Val_1475_Met,0,0,0
5W81_Val_1475_Leu,0,0,0
5W81_Thr_1478_Arg,0,0,0
5W81_Thr_1478_Ile,0,0,0
5W81_Arg_1479_Lys,0,0,0
5W81_Leu_1480_Pro,0,0,0
5W81_Ter_1481_Tyr,0,0,0
5UAR_Met_1_?,0,0,0
5UAR_Arg_3_Met,5,0,-5
5UAR_Ser_4_Leu,3,10,7
5UAR_Ser_4_Ala,0,0,0
5UAR_Pro_5_Leu,4,0,-4
5UAR_Leu_6_Arg,2,41,39
5UAR_Glu_7_Gln,8,13,5
5UAR_Ala_9_Val,0,3,3
5UAR_Ser_10_Arg,1,1,0
5UAR_Ser_10_Asn,0,0,0
5UAR_Val_11_Ile,1,2,1
5UAR_Val_11_Leu,0,0,0
5UAR_Val_11_Ala,0,0,0
5UAR_Val_12_Ala,1,0,-1
5UAR_Lys_14_Ile,0,2,2
5UAR_Lys_14_Arg,0,0,0
5UAR_Lys_14_Glu,0,0,0
5UAR_Leu_15_Phe,4,5,1
5UAR_Leu_15_Val,0,0,0
5UAR_Phe_17_Leu,2,3,1
5UAR_Ser_18_Gly,3,0,-3
5UAR_Thr_20_Ser,1,2,1
5UAR_Arg_21_Ile,0,0,0
5UAR_Leu_24_Val,10,8,-2
5UAR_Lys_26_Glu,0,13,13
5UAR_Tyr_28_His,1,19,18
5UAR_Arg_29_Thr,0,0,0
5UAR_Arg_31_Cys,0,0,0
5UAR_Arg_31_His,0,0,0
5UAR_Arg_31_Leu,0,0,0
5UAR_Leu_32_Met,0,2,2
5UAR_Leu_32_Pro,0,0,0
5UAR_Ser_35_Leu,0,0,0
5UAR_Ile_37_Val,2,2,0
5UAR_Tyr_38_His,12,18,6
5UAR_Tyr_38_Asn,0,0,0
5UAR_Tyr_38_Cys,0,0,0
5UAR_Gln_39_His,0,1,1
5UAR_Ser_42_Phe,3,12,9
5UAR_Val_43_Ile,0,0,0
5UAR_Val_43_Ala,0,0,0
5UAR_Val_43_Leu,0,0,0
5UAR_Asp_44_Val,5,4,-1
5UAR_Ala_46_Val,3,8,5
5UAR_Asn_48_Lys,0,0,0
5UAR_Leu_49_Pro,6,0,-6
5UAR_Lys_52_Ile,2,0,-2
5UAR_Glu_54_Gly,6,0,-6
5UAR_Glu_56_Lys,8,7,-1
5UAR_Trp_57_Arg,6,33,27
5UAR_Asp_58_His,0,0,0
5UAR_Asp_58_Gly,0,0,0
5UAR_Asp_58_Val,0,0,0
5UAR_Glu_60_Asp,5,3,-2
5UAR_Lys_64_Glu,0,0,0
5UAR_Lys_65_Arg,0,0,0
5UAR_Pro_67_Leu,1,1,0
5UAR_Lys_68_Glu,3,34,31
5UAR_Lys_68_Asn,0,0,0
5UAR_Ala_72_Thr,4,5,1
5UAR_Leu_73_Phe,2,19,17
5UAR_Arg_74_Trp,3,40,37
5UAR_Arg_74_Gln,0,0,0
5UAR_Arg_75_Gln,0,5,5
5UAR_Arg_75_Leu,0,0,0
5UAR_Cys_76_Trp,5,50,45
5UAR_Cys_76_Arg,0,0,0
5UAR_Phe_78_Tyr,6,10,4
5UAR_Phe_78_Leu,0,0,0
5UAR_Trp_79_Arg,2,3,1
5UAR_Phe_81_Leu,2,1,-1
5UAR_Phe_83_Leu,2,2,0
5UAR_Tyr_84_His,1,0,-1
5UAR_Tyr_84_Cys,0,0,0
5UAR_Gly_85_Glu,2,7,5
5UAR_Ile_86_Val,0,7,7
5UAR_Phe_87_Ser,0,0,0
5UAR_Leu_88_Phe,3,22,19
5UAR_Leu_88_Ser,0,0,0
5UAR_Tyr_89_Cys,6,0,-6
5UAR_Gly_91_Arg,2,1,-1
5UAR_Thr_94_Ile,0,10,10
5UAR_Thr_94_Pro,0,0,0
5UAR_Val_97_Ala,2,0,-2
5UAR_Gln_98_Arg,2,0,-2
5UAR_Pro_99_Leu,2,4,2
5UAR_Leu_102_Arg,2,13,11
5UAR_Arg_104_Gly,0,0,0
5UAR_Ile_105_Val,2,2,0
5UAR_Tyr_109_Asn,3,3,0
5UAR_Asp_110_His,12,8,-4
5UAR_Asp_110_Glu,0,0,0
5UAR_Asp_110_Tyr,0,0,0
5UAR_Pro_111_Leu,4,6,2
5UAR_Asp_112_Gly,7,0,-7
5UAR_Asp_112_Asn,0,0,0
5UAR_Glu_116_Gln,2,30,28
5UAR_Glu_116_Gly,0,0,0
5UAR_Glu_116_Ala,0,0,0
5UAR_Arg_117_His,2,10,8
5UAR_Arg_117_Cys,0,0,0
5UAR_Arg_117_Gly,0,0,0
5UAR_Arg_117_Leu,0,0,0
5UAR_Arg_117_Ser,0,0,0
5UAR_Ser_118_Phe,1,27,26
5UAR_Ser_118_Cys,0,0,0
5UAR_Ile_119_Val,0,2,2
5UAR_Ala_120_Thr,2,5,3
5UAR_Ala_120_Ser,0,0,0
5UAR_Ile_121_Phe,0,40,40
5UAR_Tyr_122_Cys,2,0,-2
5UAR_Ile_125_Thr,0,2,2
5UAR_Gly_126_Asp,2,9,7
5UAR_Gly_126_Ser,0,0,0
5UAR_Gly_126_Val,0,0,0
5UAR_Leu_130_Val,0,0,0
5UAR_Phe_131_Leu,2,3,1
5UAR_Ile_132_Val,13,3,-10
5UAR_Ile_132_Thr,0,0,0
5UAR_Gly_134_Ala,0,0,0
5UAR_Thr_135_Ser,14,2,-12
5UAR_Leu_138_Pro,3,0,-3
5UAR_Ser_138_Asn,0,0,0
5UAR_His_139_Pro,1,0,-1
5UAR_His_139_Tyr,0,0,0
5UAR_Pro_140_Ser,5,0,-5
5UAR_Pro_140_Arg,0,0,0
5UAR_Ala_141_Thr,1,1,0
5UAR_Met_142_Thr,4,13,9
5UAR_Glu_144_Lys,6,27,21
5UAR_Glu_144_Asp,0,0,0
5UAR_His_147_Gln,2,5,3
5UAR_His_147_Asn,0,0,0
5UAR_Ile_148_Thr,2,0,-2
5UAR_Gly_149_Glu,3,9,6
5UAR_Met_150_Ile,0,20,20
5UAR_Gln_151_Lys,7,10,3
5UAR_Gln_151_Arg,0,0,0
5UAR_Gln_151_Pro,0,0,0
5UAR_Met_152_Leu,3,9,6
5UAR_Gly_152_Arg,0,0,0
5UAR_Met_152_Ile,0,0,0
5UAR_Arg_153_Lys,6,6,0
5UAR_Ile_154_Thr,3,3,0
5UAR_Tyr_155_Asn,10,5,-5
5UAR_Met_156_Val,0,6,6
5UAR_Ser_158_Asn,9,0,-9
5UAR_Ser_158_Thr,0,0,0
5UAR_Ser_158_Cys,0,0,0
5UAR_Leu_159_Ser,2,1,-1
5UAR_Ile_160_Val,1,1,0
5UAR_Tyr_161_Cys,3,2,-1
5UAR_Thr_164_Ala,3,0,-3
5UAR_Arg_170_His,2,9,7
5UAR_Arg_170_Cys,0,0,0
5UAR_Arg_170_Ser,0,0,0
5UAR_Val_171_Ile,0,0,0
5UAR_Leu_172_Ile,3,2,-1
5UAR_Ser_176_Thr,4,0,-4
5UAR_Ser_176_Asn,0,0,0
5UAR_Ser_176_Arg,0,0,0
5UAR_Ile_177_Phe,1,0,-1
5UAR_Ile_177_Thr,0,0,0
5UAR_Ile_177_Met,0,0,0
5UAR_Ile_177_Val,0,0,0
5UAR_Gly_178_Arg,0,0,0
5UAR_Gly_178_Glu,0,0,0
5UAR_Gln_179_Lys,0,0,0
5UAR_Leu_180_Val,1,2,1
5UAR_Leu_183_Ile,0,0,0
5UAR_Arg_183_Lys,0,0,0
5UAR_Glu_185_Val,9,4,-5
5UAR_His_186_Gln,3,15,12
5UAR_Asn_187_Lys,0,4,4
5UAR_Cys_187_Ser,0,0,0
5UAR_Cys_187_Gly,0,0,0
5UAR_Leu_188_Phe,4,17,13
5UAR_Leu_188_Pro,0,0,0
5UAR_Cys_190_Ser,0,2,2
5UAR_Phe_191_Val,1,0,-1
5UAR_Glu_193_Gly,4,0,-4
5UAR_Glu_193_Lys,0,0,0
5UAR_Gly_194_Val,0,0,0
5UAR_Ala_196_Val,2,4,2
5UAR_Ala_198_Val,1,0,-1
5UAR_Ala_198_Pro,0,0,0
5UAR_His_199_Arg,2,23,21
5UAR_Phe_200_Leu,12,14,2
5UAR_Phe_200_Ile,0,0,0
5UAR_Val_201_Met,16,9,-7
5UAR_Ala_204_Thr,10,3,-7
5UAR_Ala_204_Ser,0,0,0
5UAR_Pro_205_Ser,1,1,0
5UAR_Pro_205_Leu,0,0,0
5UAR_Leu_206_Trp,1,0,-1
5UAR_Gln_207_His,7,4,-3
5UAR_Val_208_Ala,1,0,-1
5UAR_Ala_209_Ser,1,0,-1
5UAR_Leu_210_Phe,0,0,0
5UAR_Met_212_Val,1,2,1
5UAR_Gly_213_Glu,4,10,6
5UAR_Leu_214_Val,0,0,0
5UAR_Trp_216_Arg,0,8,8
5UAR_Glu_217_Gly,0,0,0
5UAR_Glu_217_Lys,0,0,0
5UAR_Gln_220_Pro,0,0,0
5UAR_Ala_221_Val,4,3,-1
5UAR_Phe_224_Leu,0,8,8
5UAR_Cys_225_Tyr,1,0,-1
5UAR_Gly_226_Glu,0,4,4
5UAR_Gly_226_Val,0,0,0
5UAR_Phe_229_Tyr,0,1,1
5UAR_Val_232_Asp,0,0,0
5UAR_Leu_233_Val,0,0,0
5UAR_Ala_234_Ser,7,0,-7
5UAR_Phe_236_Ser,0,0,0
5UAR_Gln_237_Glu,0,0,0
5UAR_Gly_239_Arg,0,0,0
5UAR_Gly_241_Arg,4,11,7
5UAR_Arg_242_Lys,0,0,0
5UAR_Met_243_Thr,0,0,0
5UAR_Met_243_Val,0,0,0
5UAR_Met_244_Val,1,4,3
5UAR_Met_244_Ile,0,0,0
5UAR_Arg_248_Thr,6,4,-2
5UAR_Arg_248_Lys,0,0,0
5UAR_Ala_252_Pro,1,2,1
5UAR_Ala_252_Ser,0,0,0
5UAR_Gly_253_Glu,0,0,0
5UAR_Gly_253_Arg,0,0,0
5UAR_Ile_255_Asn,2,1,-1
5UAR_Ile_255_Val,0,0,0
5UAR_Ser_256_Gly,1,0,-1
5UAR_Ser_256_Asn,0,0,0
5UAR_Glu_257_Ala,1,0,-1
5UAR_Arg_258_Gly,0,0,0
5UAR_Arg_258_Ile,0,0,0
5UAR_Leu_259_Phe,4,20,16
5UAR_Leu_259_Val,0,0,0
5UAR_Val_260_Gly,1,0,-1
5UAR_Val_260_Met,0,0,0
5UAR_Val_260_Ala,0,0,0
5UAR_Met_265_Arg,0,17,17
5UAR_Ile_269_Thr,4,7,3
5UAR_Val_272_Ala,3,1,-2
5UAR_Lys_273_Gln,1,10,9
5UAR_Lys_273_Met,0,0,0
5UAR_Cys_276_Phe,10,33,23
5UAR_Glu_279_Asp,2,6,4
5UAR_Ala_280_Ser,1,0,-1
5UAR_Met_281_Thr,2,0,-2
5UAR_Met_281_Val,0,0,0
5UAR_Glu_282_Asp,5,3,-2
5UAR_Lys_283_Arg,2,3,1
5UAR_Ile_285_Phe,2,5,3
5UAR_Ile_285_Thr,0,0,0
5UAR_Asn_287_Lys,0,4,4
5UAR_Asn_287_Ser,0,0,0
5UAR_Asn_287_Tyr,0,0,0
5UAR_Gln_290_Arg,8,26,18
5UAR_Thr_291_Arg,0,1,1
5UAR_Thr_291_Ile,0,0,0
5UAR_Thr_291_Ala,0,0,0
5UAR_Leu_293_Met,2,6,4
5UAR_Arg_297_Gln,1,16,15
5UAR_Arg_297_Trp,0,0,0
5UAR_Ala_299_Thr,4,0,-4
5UAR_Ala_300_Gly,4,0,-4
5UAR_Tyr_301_Cys,0,4,4
5UAR_Phe_305_Val,7,2,-5
5UAR_Asn_306_Ser,0,1,1
5UAR_Ala_309_Gly,3,0,-3
5UAR_Ala_309_Thr,0,0,0
5UAR_Phe_310_Leu,1,11,10
5UAR_Gly_314_Glu,3,17,14
5UAR_Phe_315_Ser,2,4,2
5UAR_Phe_316_Leu,9,18,9
5UAR_Val_317_Gly,0,0,0
5UAR_Leu_320_Val,6,6,0
5UAR_Leu_320_Phe,0,0,0
5UAR_Ser_321_Pro,0,1,1
5UAR_Val_322_Met,1,5,4
5UAR_Tyr_325_Cys,6,5,-1
5UAR_Leu_327_Arg,1,48,47
5UAR_Ile_331_Asn,0,0,0
5UAR_Leu_333_Phe,2,12,10
5UAR_Arg_334_Gln,7,12,5
5UAR_Arg_334_Trp,0,0,0
5UAR_Arg_334_Leu,0,0,0
5UAR_Ile_336_Lys,7,10,3
5UAR_Ile_336_Thr,0,0,0
5UAR_Phe_337_Val,5,2,-3
5UAR_Thr_338_Ile,8,6,-2
5UAR_Thr_338_Ala,0,0,0
5UAR_Ile_340_Val,1,1,0
5UAR_Cys_343_Phe,10,11,1
5UAR_Ile_344_Val,1,1,0
5UAR_Arg_347_His,4,9,5
5UAR_Arg_347_Pro,0,0,0
5UAR_Arg_347_Cys,0,0,0
5UAR_Arg_347_Ser,0,0,0
5UAR_Met_348_Lys,5,16,11
5UAR_Met_348_Val,0,0,0
5UAR_Ala_349_Val,2,2,0
5UAR_Thr_351_Ser,4,0,-4
5UAR_Thr_351_Ile,0,0,0
5UAR_Arg_352_Trp,2,29,27
5UAR_Arg_352_Gln,0,0,0
5UAR_Gln_353_His,1,2,1
5UAR_Pro_355_Leu,1,2,1
5UAR_Thr_360_Ile,1,0,-1
5UAR_Trp_361_Arg,4,16,12
5UAR_Asn_369_Ser,1,0,-1
5UAR_Lys_370_Glu,0,0,0
5UAR_Ile_371_Met,0,1,1
5UAR_Ile_371_Thr,0,0,0
5UAR_Asp_373_Asn,2,2,0
5UAR_Asp_373_Tyr,0,0,0
5UAR_Asp_373_Val,0,0,0
5UAR_Leu_375_Phe,2,3,1
5UAR_Gln_378_Arg,3,27,24
5UAR_Glu_379_Asp,2,1,-1
5UAR_Tyr_380_Cys,2,0,-2
5UAR_Thr_382_Pro,0,1,1
5UAR_Glu_384_Asp,3,3,0
5UAR_Leu_387_Ser,0,0,0
5UAR_Thr_388_Met,2,2,0
5UAR_Thr_389_Ser,0,0,0
5UAR_Thr_390_Ile,2,3,1
5UAR_Thr_390_Ala,0,0,0
5UAR_Met_394_Thr,2,3,1
5UAR_Asn_396_Tyr,3,0,-3
5UAR_Asn_396_Thr,0,0,0
5UAR_Ala_399_Val,2,6,4
5UAR_Ala_399_Gly,0,0,0
5UAR_Phe_400_Ser,1,4,3
5UAR_Trp_401_Cys,0,2,2
5UAR_Trp_401_Leu,0,0,0
5UAR_Gly_404_Arg,0,0,0
5UAR_Gly_404_Val,0,0,0
5UAR_Gly_404_Ala,0,0,0
5UAR_Gly_406_Glu,0,0,0
5UAR_Glu_407_Lys,0,0,0
5UAR_Glu_407_Val,0,0,0
5UAR_Phe_409_Ile,0,0,0
5UAR_Lys_411_Glu,0,0,0
5UAR_Ala_412_Ser,0,0,0
5UAR_Gln_414_Pro,0,0,0
5UAR_Asn_416_Ser,0,0,0
5UAR_Asn_416_Asp,0,0,0
5UAR_Asn_418_Ser,0,0,0
5UAR_Asn_423_Lys,0,0,0
5UAR_Gly_424_Ser,0,0,0
5UAR_Leu_428_Ile,0,0,0
5UAR_Ser_431_Gly,0,0,0
5UAR_Leu_435_Pro,0,0,0
5UAR_Gly_437_Asp,0,0,0
5UAR_Thr_438_Ala,1,1,0
5UAR_Pro_439_Thr,2,1,-1
5UAR_Val_440_Ala,6,2,-4
5UAR_Leu_441_Pro,5,3,-2
5UAR_Asp_443_Tyr,6,12,6
5UAR_Asp_443_Glu,0,0,0
5UAR_Ile_444_Thr,0,1,1
5UAR_Ile_444_Val,0,0,0
5UAR_Lys_447_Arg,6,20,14
5UAR_Ile_448_Thr,5,6,1
5UAR_Glu_449_Gly,5,0,-5
5UAR_Arg_450_Ile,0,1,1
5UAR_Gly_451_Arg,5,0,-5
5UAR_Gln_452_Arg,11,10,-1
5UAR_Ala_455_Val,5,4,-1
5UAR_Ala_455_Glu,0,0,0
5UAR_Val_456_Ala,3,1,-2
5UAR_Ser_459_Phe,0,0,0
5UAR_Ala_462_Val,0,11,11
5UAR_Thr_465_Asn,2,4,2
5UAR_Ser_466_Leu,1,10,9
5UAR_Leu_467_Phe,2,33,31
5UAR_Leu_467_Pro,0,0,0
5UAR_Met_469_Ile,0,3,3
5UAR_Met_469_Val,0,0,0
5UAR_Val_470_Met,2,7,5
5UAR_Ile_471_Val,6,1,-5
5UAR_Glu_474_Gln,4,14,10
5UAR_Pro_477_Ser,0,0,0
5UAR_Pro_477_Thr,0,0,0
5UAR_Glu_479_Asp,0,11,11
5UAR_Glu_479_Gly,0,0,0
5UAR_Gly_480_Cys,3,3,0
5UAR_His_484_Tyr,0,26,26
5UAR_Ser_485_Cys,0,6,6
5UAR_Ser_485_Thr,0,0,0
5UAR_Arg_487_Lys,9,19,10
5UAR_Phe_490_Cys,1,1,0
5UAR_Cys_491_Phe,5,41,36
5UAR_Ser_492_Phe,3,3,0
5UAR_Gln_493_Arg,0,0,0
5UAR_Ser_495_Phe,4,3,-1
5UAR_Met_498_Thr,4,1,-3
5UAR_Pro_499_Ala,0,0,0
5UAR_Pro_499_Ser,0,0,0
5UAR_Gly_500_Asp,3,3,0
5UAR_Gly_500_Ser,0,0,0
5UAR_Ile_502_Thr,11,11,0
5UAR_Ile_502_Val,0,0,0
5UAR_Ile_506_Val,2,6,4
5UAR_Ile_506_Thr,0,0,0
5UAR_Ile_506_Leu,0,0,0
5UAR_Ile_507_Val,4,0,-4
5UAR_Phe_508_Cys,0,11,11
5UAR_Phe_508_Val,0,0,0
5UAR_Phe_508_Leu,0,0,0
5UAR_Val_510_Ile,0,0,0
5UAR_Asp_513_Gly,1,0,-1
5UAR_Asp_513_Tyr,0,0,0
5UAR_Tyr_515_His,4,14,10
5UAR_Ser_519_Asn,3,3,0
5UAR_Val_520_Ile,1,10,9
5UAR_Val_520_Phe,0,0,0
5UAR_Ile_521_Leu,0,3,3
5UAR_Ile_521_Phe,0,0,0
5UAR_Cys_524_Arg,6,27,21
5UAR_Glu_527_Gly,0,0,0
5UAR_Glu_527_Gln,0,0,0
5UAR_Glu_528_Lys,7,16,9
5UAR_Ile_530_Met,0,0,0
5UAR_Ile_530_Asn,0,0,0
5UAR_Lys_532_Asn,0,0,0
5UAR_Ala_534_Glu,0,2,2
5UAR_Ala_534_Ser,0,0,0
5UAR_Lys_536_Glu,7,3,-4
5UAR_Asn_538_Lys,1,9,8
5UAR_Asn_538_Tyr,0,0,0
5UAR_Ile_539_Thr,1,0,-1
5UAR_Val_540_Ile,5,4,-1
5UAR_Val_540_Ala,0,0,0
5UAR_Gly_542_Glu,0,0,0
5UAR_Gly_542_Arg,0,0,0
5UAR_Gly_544_Ser,0,2,2
5UAR_Ile_546_Phe,3,9,6
5UAR_Thr_547_Ile,8,7,-1
5UAR_Thr_547_Ala,0,0,0
5UAR_Leu_548_Pro,2,10,8
5UAR_Ser_549_Asn,0,0,0
5UAR_Ser_549_Arg,0,0,0
5UAR_Gly_551_Asp,9,4,-5
5UAR_Gly_551_Ser,0,0,0
5UAR_Arg_553_Gln,2,18,16
5UAR_Arg_553_Pro,0,0,0
5UAR_Ile_556_Val,1,3,2
5UAR_Ser_557_Thr,3,0,-3
5UAR_Leu_558_Ser,2,2,0
5UAR_Ala_559_Thr,1,2,1
5UAR_Ala_559_Ser,0,0,0
5UAR_Arg_560_Thr,1,5,4
5UAR_Arg_560_Ser,0,0,0
5UAR_Ala_561_Glu,5,10,5
5UAR_Ala_561_Ser,0,0,0
5UAR_Val_562_Ile,6,7,1
5UAR_Val_562_Leu,0,0,0
5UAR_Tyr_563_Asn,4,4,0
5UAR_Lys_564_Arg,3,4,1
5UAR_Lys_564_Glu,0,0,0
5UAR_Asp_565_His,1,38,37
5UAR_Asp_565_Tyr,0,0,0
5UAR_Ala_566_Asp,0,0,0
5UAR_Asp_567_Asn,9,5,-4
5UAR_Tyr_569_Asp,5,8,3
5UAR_Asp_572_Glu,3,18,15
5UAR_Ser_573_Phe,7,26,19
5UAR_Ser_573_Cys,0,0,0
5UAR_Pro_574_His,4,5,1
5UAR_Phe_575_Tyr,4,17,13
5UAR_Phe_575_Ile,0,0,0
5UAR_Gly_576_Ala,7,1,-6
5UAR_Gly_576_Val,0,0,0
5UAR_Tyr_577_Cys,2,0,-2
5UAR_Tyr_577_Phe,0,0,0
5UAR_Asp_579_Gly,2,0,-2
5UAR_Thr_582_Ser,1,1,0
5UAR_Glu_583_Gly,0,0,0
5UAR_Glu_585_Lys,2,13,11
5UAR_Phe_587_Val,0,0,0
5UAR_Phe_587_Ile,0,0,0
5UAR_Glu_588_Lys,0,4,4
5UAR_Glu_588_Gly,0,0,0
5UAR_Glu_588_Ala,0,0,0
5UAR_Ser_589_Thr,4,5,1
5UAR_Cys_592_Tyr,0,0,0
5UAR_Met_595_Val,0,2,2
5UAR_Met_595_Leu,0,0,0
5UAR_Asn_597_Lys,3,2,-1
5UAR_Thr_599_Ser,15,0,-15
5UAR_Ile_601_Val,7,4,-3
5UAR_Ile_601_Phe,0,0,0
5UAR_Val_603_Ile,2,12,10
5UAR_Ser_605_Pro,4,12,8
5UAR_Leu_610_Ile,0,4,4
5UAR_Leu_610_Phe,0,0,0
5UAR_Asp_614_Gly,1,0,-1
5UAR_Ile_616_Val,7,5,-2
5UAR_Leu_617_Phe,6,5,-1
5UAR_Ile_618_Thr,2,2,0
5UAR_His_620_Arg,1,0,-1
5UAR_His_620_Leu,0,0,0
5UAR_Gly_622_Asp,5,6,1
5UAR_Tyr_625_Asn,10,11,1
5UAR_Phe_626_Leu,3,15,12
5UAR_Tyr_627_Cys,0,10,10
5UAR_Gly_628_Arg,3,12,9
5UAR_Thr_629_Ala,5,0,-5
5UAR_Leu_633_Ile,0,0,0
5UAR_Asn_635_Thr,5,2,-3
5UAR_Leu_636_Pro,8,8,0
5UAR_Pro_638_Ser,0,0,0
5UAR_Ser_641_Gly,0,0,0
5UAR_Met_645_Thr,0,1,1
5UAR_Met_645_Lys,0,0,0
5UAR_Asp_648_Asn,0,3,3
5UAR_Phe_650_Leu,1,3,2
5UAR_Asp_651_Asn,2,3,1
5UAR_Gln_652_Glu,3,6,3
5UAR_Gln_652_Lys,0,0,0
5UAR_Phe_653_Val,5,7,2
5UAR_Ser_654_Gly,0,0,0
5UAR_Glu_656_Gln,3,6,3
5UAR_Ile_661_Met,7,8,1
5UAR_Ile_661_Val,0,0,0
5UAR_Ile_661_Thr,0,0,0
5UAR_His_667_Tyr,0,0,0
5UAR_Arg_668_Cys,1,1,0
5UAR_Arg_668_His,0,0,0
5UAR_Glu_672_Lys,0,0,0
5UAR_Asp_674_Gly,0,0,0
5UAR_Asp_674_Val,0,0,0
5UAR_Ala_675_Val,0,0,0
5UAR_Pro_676_Ala,0,0,0
5UAR_Pro_676_Ser,0,0,0
5UAR_Glu_681_Val,0,0,0
5UAR_Lys_684_Thr,0,0,0
5UAR_Ser_686_Tyr,0,0,0
5UAR_Ser_686_Thr,0,0,0
5UAR_Lys_688_Gln,0,0,0
5UAR_Thr_690_Ala,0,0,0
5UAR_Gly_691_Arg,0,0,0
5UAR_Phe_693_Leu,0,0,0
5UAR_Glu_695_Gly,0,0,0
5UAR_Asn_699_Lys,0,0,0
5UAR_Asn_703_Ile,0,0,0
5UAR_Pro_704_Leu,0,0,0
5UAR_Pro_704_Arg,0,0,0
5UAR_Ile_705_Val,0,0,0
5UAR_Ser_707_Cys,0,0,0
5UAR_Ile_708_Thr,0,0,0
5UAR_Arg_709_Gln,0,0,0
5UAR_Val_714_Leu,0,0,0
5UAR_Gln_715_His,0,0,0
5UAR_Pro_718_Arg,0,0,0
5UAR_Gln_720_Arg,0,0,0
5UAR_Gly_723_Val,0,0,0
5UAR_Glu_725_Lys,0,0,0
5UAR_Asp_727_Ala,0,0,0
5UAR_Pro_731_Leu,0,0,0
5UAR_Ser_737_Phe,0,0,0
5UAR_Ser_737_Thr,0,0,0
5UAR_Pro_740_Leu,0,0,0
5UAR_Gln_744_Pro,0,0,0
5UAR_Ala_747_Val,0,0,0
5UAR_Pro_750_Leu,0,0,0
5UAR_Arg_751_Cys,0,0,0
5UAR_Arg_751_His,0,0,0
5UAR_Arg_751_Leu,0,0,0
5UAR_Ile_752_Ser,0,0,0
5UAR_Ser_753_Gly,0,0,0
5UAR_Ser_753_Asn,0,0,0
5UAR_Val_754_Met,0,0,0
5UAR_Ile_755_Phe,0,0,0
5UAR_Ser_756_Cys,0,0,0
5UAR_Thr_757_Ser,0,0,0
5UAR_Thr_760_Met,0,0,0
5UAR_Thr_760_Arg,0,0,0
5UAR_Arg_764_Gln,0,0,0
5UAR_Arg_765_Lys,0,0,0
5UAR_Arg_766_Lys,0,0,0
5UAR_Gln_767_His,0,0,0
5UAR_Ser_768_Phe,0,0,0
5UAR_Val_769_Ile,0,0,0
5UAR_His_775_Tyr,0,0,0
5UAR_His_775_Arg,0,0,0
5UAR_Ser_776_Leu,0,0,0
5UAR_Gln_781_His,0,0,0
5UAR_Ile_783_Val,0,0,0
5UAR_Arg_785_Gln,0,0,0
5UAR_Arg_785_Pro,0,0,0
5UAR_Lys_786_Asn,0,0,0
5UAR_Arg_792_Gly,0,0,0
5UAR_Arg_792_Gln,0,0,0
5UAR_Val_794_Leu,0,0,0
5UAR_Leu_796_Pro,0,0,0
5UAR_Pro_798_Ser,0,0,0
5UAR_Gln_799_Lys,0,0,0
5UAR_Ala_800_Ser,0,0,0
5UAR_Ala_800_Val,0,0,0
5UAR_Asn_801_Tyr,0,0,0
5UAR_Leu_802_Phe,0,0,0
5UAR_Asp_806_Gly,0,0,0
5UAR_Ile_807_Met,0,0,0
5UAR_Arg_810_Gly,0,0,0
5UAR_Arg_811_Ser,0,0,0
5UAR_Gly_817_Val,0,0,0
5UAR_Ser_821_Asn,0,0,0
5UAR_Glu_823_Asp,0,0,0
5UAR_Glu_826_Lys,0,0,0
5UAR_Glu_826_Asp,0,0,0
5UAR_Asp_828_Asn,0,0,0
5UAR_Asp_828_Glu,0,0,0
5UAR_Cys_832_Tyr,0,0,0
5UAR_Cys_832_Gly,0,0,0
5UAR_Phe_834_Leu,0,0,0
5UAR_Asp_836_Tyr,0,0,0
5UAR_Met_837_Thr,0,0,0
5UAR_Asn_847_Ser,6,0,-6
5UAR_Tyr_849_Cys,6,2,-4
5UAR_Arg_851_Gln,2,1,-1
5UAR_Ile_853_Val,1,4,3
5UAR_Ile_853_Phe,0,0,0
5UAR_Thr_854_Ile,5,9,4
5UAR_Val_855_Ile,2,2,0
5UAR_Lys_857_Asn,3,8,5
5UAR_Leu_859_Phe,2,9,7
5UAR_Val_862_Leu,0,1,1
5UAR_Cys_866_Tyr,0,9,9
5UAR_Glu_873_Val,0,0,0
5UAR_Val_874_Leu,0,1,1
5UAR_Ala_876_Val,3,2,-1
5UAR_Ser_877_Ala,0,0,0
5UAR_Thr_887_Pro,12,2,-10
5UAR_Thr_887_Asn,0,0,0
5UAR_Pro_888_His,2,13,11
5UAR_Leu_889_Phe,5,10,5
5UAR_Leu_889_Val,0,0,0
5UAR_Gln_890_Arg,1,19,18
5UAR_Asp_891_Gly,1,0,-1
5UAR_Asp_891_Asn,0,0,0
5UAR_Asn_894_Lys,0,0,0
5UAR_Asn_894_Ser,0,0,0
5UAR_Ser_895_Asn,0,0,0
5UAR_Ser_895_Thr,0,0,0
5UAR_Thr_896_Ile,0,0,0
5UAR_His_897_Tyr,0,0,0
5UAR_Ser_898_Arg,0,0,0
5UAR_Asn_901_Ile,0,0,0
5UAR_Tyr_903_Cys,0,0,0
5UAR_Val_905_Leu,0,0,0
5UAR_Ile_907_Ser,0,0,0
5UAR_Ile_907_Val,0,0,0
5UAR_Thr_908_Asn,0,0,0
5UAR_Thr_910_Ser,0,0,0
5UAR_Ser_911_Asn,0,0,0
5UAR_Ser_912_Leu,0,0,0
5UAR_Tyr_913_Cys,0,0,0
5UAR_Val_915_Leu,0,0,0
5UAR_Ile_918_Val,3,1,-2
5UAR_Tyr_919_Cys,1,1,0
5UAR_Val_920_Met,4,16,12
5UAR_Val_920_Leu,0,0,0
5UAR_Gly_921_Arg,5,1,-4
5UAR_Val_922_Gly,5,0,-5
5UAR_Asp_924_Asn,1,0,-1
5UAR_Thr_925_Asn,12,9,-3
5UAR_Leu_926_Phe,3,25,22
5UAR_Leu_926_Ser,0,0,0
5UAR_Gly_934_Ser,11,0,-11
5UAR_Pro_936_Thr,1,6,5
5UAR_Pro_936_Leu,0,0,0
5UAR_Val_938_Leu,0,13,13
5UAR_Val_938_Gly,0,0,0
5UAR_Val_938_Met,0,0,0
5UAR_His_939_Asp,0,5,5
5UAR_His_939_Gln,0,0,0
5UAR_Val_944_Ala,1,1,0
5UAR_Ser_945_Leu,3,1,-2
5UAR_Lys_946_Glu,1,7,6
5UAR_Lys_946_Gln,0,0,0
5UAR_Leu_948_Phe,1,8,7
5UAR_His_949_Leu,2,10,8
5UAR_His_949_Tyr,0,0,0
5UAR_His_950_Arg,1,3,2
5UAR_Lys_951_Glu,3,3,0
5UAR_Lys_951_Thr,0,0,0
5UAR_Met_952_Thr,3,1,-2
5UAR_Met_952_Ile,0,0,0
5UAR_His_954_Tyr,3,5,2
5UAR_Ala_959_Val,4,7,3
5UAR_Ala_959_Thr,0,0,0
5UAR_Pro_960_Ser,6,1,-5
5UAR_Pro_960_Leu,0,0,0
5UAR_Met_961_Thr,2,1,-1
5UAR_Met_961_Ile,0,0,0
5UAR_Met_961_Val,0,0,0
5UAR_Leu_964_Phe,1,19,18
5UAR_Asn_965_Lys,4,9,5
5UAR_Leu_967_Ser,0,1,1
5UAR_Gly_970_Asp,4,9,5
5UAR_Phe_976_Ser,0,0,0
5UAR_Phe_976_Leu,0,0,0
5UAR_Ser_977_Phe,3,4,1
5UAR_Ser_977_Ala,0,0,0
5UAR_Ser_977_Cys,0,0,0
5UAR_Ser_977_Pro,0,0,0
5UAR_Lys_978_Arg,0,0,0
5UAR_Asp_979_Ala,2,0,-2
5UAR_Asp_979_Gly,0,0,0
5UAR_Ile_980_Lys,6,18,12
5UAR_Ile_982_Val,1,1,0
5UAR_Asp_984_Asn,3,1,-2
5UAR_Asp_985_Asn,1,4,3
5UAR_Asp_985_Glu,0,0,0
5UAR_Leu_986_Pro,0,6,6
5UAR_Thr_990_Asn,0,0,0
5UAR_Thr_990_Ser,0,0,0
5UAR_Ile_991_Val,5,1,-4
5UAR_Ile_991_Met,0,0,0
5UAR_Phe_992_Leu,0,3,3
5UAR_Asp_993_Gly,0,0,0
5UAR_Phe_994_Leu,2,1,-1
5UAR_Phe_994_Cys,0,0,0
5UAR_Ile_995_Asn,4,11,7
5UAR_Ile_995_Leu,0,0,0
5UAR_Leu_997_Phe,5,4,-1
5UAR_Val_1001_Leu,0,15,15
5UAR_Ile_1002_Phe,1,20,19
5UAR_Gly_1003_Glu,1,4,3
5UAR_Ala_1004_Gly,10,0,-10
5UAR_Ile_1005_Arg,13,41,28
5UAR_Ala_1006_Thr,1,1,0
5UAR_Ala_1006_Glu,0,0,0
5UAR_Val_1008_Asp,1,3,2
5UAR_Ala_1009_Thr,1,1,0
5UAR_Ala_1009_Val,0,0,0
5UAR_Pro_1013_His,3,15,12
5UAR_Pro_1013_Leu,0,0,0
5UAR_Pro_1013_Arg,0,0,0
5UAR_Tyr_1014_Cys,2,0,-2
5UAR_Phe_1016_Ser,3,1,-2
5UAR_Ala_1018_Thr,2,1,-1
5UAR_Pro_1021_Thr,0,0,0
5UAR_Pro_1021_Ser,0,0,0
5UAR_Val_1022_Met,0,0,0
5UAR_Ile_1023_Val,3,1,-2
5UAR_Ile_1023_Arg,0,0,0
5UAR_Ala_1025_Ser,0,0,0
5UAR_Ala_1025_Val,0,0,0
5UAR_Ile_1027_Thr,0,2,2
5UAR_Met_1028_Val,1,0,-1
5UAR_Met_1028_Arg,0,0,0
5UAR_Met_1028_Ile,0,0,0
5UAR_Leu_1029_Met,1,0,-1
5UAR_Ala_1031_Val,0,1,1
5UAR_Tyr_1032_Cys,0,0,0
5UAR_Thr_1036_Asn,0,0,0
5UAR_Gln_1039_Arg,0,4,4
5UAR_Lys_1041_Gln,5,29,24
5UAR_Glu_1044_Gln,2,6,4
5UAR_Gly_1047_Val,0,2,2
5UAR_Ser_1049_Asn,4,15,11
5UAR_Pro_1050_Ala,1,0,-1
5UAR_Ile_1051_Val,2,2,0
5UAR_Ile_1051_Phe,0,0,0
5UAR_Phe_1052_Val,10,7,-3
5UAR_Phe_1052_Leu,0,0,0
5UAR_Thr_1053_Ile,0,0,0
5UAR_His_1054_Gln,0,1,1
5UAR_His_1054_Tyr,0,0,0
5UAR_Thr_1057_Ala,0,0,0
5UAR_Gly_1061_Arg,0,1,1
5UAR_Leu_1065_Phe,7,19,12
5UAR_Arg_1066_His,0,24,24
5UAR_Arg_1066_Cys,0,0,0
5UAR_Ala_1067_Val,2,0,-2
5UAR_Ala_1067_Thr,0,0,0
5UAR_Gly_1069_Arg,0,63,63
5UAR_Arg_1070_Gln,3,5,2
5UAR_Arg_1070_Trp,0,0,0
5UAR_Gln_1071_Arg,6,7,1
5UAR_Phe_1074_Leu,8,3,-5
5UAR_Leu_1077_Pro,0,0,0
5UAR_Lys_1080_Arg,0,0,0
5UAR_Lys_1080_Gln,0,0,0
5UAR_Lys_1080_Glu,0,0,0
5UAR_Ala_1081_Gly,14,0,-14
5UAR_His_1085_Pro,4,2,-2
5UAR_Thr_1086_Ser,8,3,-5
5UAR_Thr_1086_Ala,0,0,0
5UAR_Trp_1089_Cys,0,0,0
5UAR_Phe_1090_Leu,3,6,3
5UAR_Leu_1091_Phe,1,6,5
5UAR_Tyr_1092_His,0,1,1
5UAR_Tyr_1092_Cys,0,0,0
5UAR_Arg_1097_Cys,7,2,-5
5UAR_Arg_1097_His,0,0,0
5UAR_Arg_1097_Pro,0,0,0
5UAR_Trp_1098_Cys,2,2,0
5UAR_Phe_1099_Leu,2,6,4
5UAR_Gln_1100_Pro,6,6,0
5UAR_Met_1101_Lys,5,9,4
5UAR_Met_1101_Ile,0,0,0
5UAR_Arg_1102_Lys,0,20,20
5UAR_Ile_1106_Thr,9,1,-8
5UAR_Val_1108_Leu,1,0,-1
5UAR_Ile_1109_Val,7,4,-3
5UAR_Phe_1111_Leu,1,20,19
5UAR_Val_1114_Leu,3,3,0
5UAR_Phe_1116_Ser,3,0,-3
5UAR_Ile_1117_Thr,1,3,2
5UAR_Ser_1118_Phe,2,2,0
5UAR_Ser_1118_Cys,0,0,0
5UAR_Gly_1130_Ala,0,0,0
5UAR_Gly_1130_Val,0,0,0
5UAR_Gly_1130_Ser,0,0,0
5UAR_Ile_1131_Val,9,7,-2
5UAR_Ala_1136_Thr,3,0,-3
5UAR_Met_1137_Val,8,3,-5
5UAR_Met_1137_Thr,0,0,0
5UAR_Ile_1139_Val,7,4,-3
5UAR_Met_1140_Val,4,2,-2
5UAR_Ala_1146_Val,2,1,-1
5UAR_Ala_1146_Asp,0,0,0
5UAR_Val_1147_Glu,4,5,1
5UAR_Asn_1148_Lys,13,18,5
5UAR_Ile_1151_Val,0,3,3
5UAR_Asp_1152_His,1,1,0
5UAR_Val_1153_Glu,9,0,-9
5UAR_Val_1153_Met,0,0,0
5UAR_Asp_1154_Glu,3,12,9
5UAR_Asp_1154_Gly,0,0,0
5UAR_Leu_1156_Phe,0,0,0
5UAR_Met_1157_Ile,0,6,6
5UAR_Arg_1158_Gln,2,6,4
5UAR_Ser_1159_Pro,1,0,-1
5UAR_Ser_1159_Phe,0,0,0
5UAR_Arg_1162_Leu,6,8,2
5UAR_Arg_1162_Gln,0,0,0
5UAR_Val_1163_Gly,0,0,0
5UAR_Lys_1165_Arg,7,27,20
5UAR_Ile_1167_Val,4,8,4
5UAR_Asp_1168_Gly,3,0,-3
5UAR_Thr_1171_Ala,5,0,-5
5UAR_Glu_1172_Gln,8,7,-1
5UAR_Gly_1173_Ser,0,0,0
5UAR_Lys_1174_Thr,1,2,1
5UAR_Lys_1177_Arg,3,18,15
5UAR_Lys_1177_Thr,0,0,0
5UAR_Pro_1181_Gln,0,0,0
5UAR_Tyr_1182_His,0,0,0
5UAR_Lys_1183_Asn,0,0,0
5UAR_Asn_1184_Lys,0,0,0
5UAR_Gln_1186_His,0,0,0
5UAR_Leu_1187_Val,0,0,0
5UAR_Leu_1187_Ile,0,0,0
5UAR_Ser_1188_Pro,0,0,0
5UAR_Ser_1188_Leu,0,0,0
5UAR_Met_1191_Thr,0,0,0
5UAR_His_1197_Leu,0,0,0
5UAR_His_1197_Arg,0,0,0
5UAR_Val_1198_Met,0,0,0
5UAR_Val_1198_Leu,0,0,0
5UAR_Lys_1199_Arg,0,0,0
5UAR_Lys_1200_Gln,0,0,0
5UAR_Asp_1201_Tyr,0,0,0
5UAR_Ile_1203_Phe,0,11,11
5UAR_Ile_1203_Val,0,0,0
5UAR_Gly_1208_Asp,5,3,-2
5UAR_Gln_1209_Lys,0,12,12
5UAR_Met_1210_Leu,2,3,1
5UAR_Thr_1216_Ala,3,1,-2
5UAR_Ala_1217_Val,3,5,2
5UAR_Tyr_1219_His,6,16,10
5UAR_Thr_1220_Ile,3,6,3
5UAR_Gly_1223_Arg,2,22,20
5UAR_Asn_1224_Lys,0,4,4
5UAR_Ala_1225_Val,1,2,1
5UAR_Ile_1226_Thr,1,5,4
5UAR_Leu_1227_Ser,2,0,-2
5UAR_Glu_1228_Gln,6,16,10
5UAR_Glu_1228_Gly,0,0,0
5UAR_Asn_1229_Lys,4,7,3
5UAR_Ile_1230_Thr,1,1,0
5UAR_Ile_1230_Val,0,0,0
5UAR_Ile_1234_Val,0,0,0
5UAR_Ser_1235_Arg,3,23,20
5UAR_Gly_1237_Asp,0,9,9
5UAR_Gln_1238_Lys,1,0,-1
5UAR_Val_1240_Gly,5,0,-5
5UAR_Gly_1241_Asp,3,3,0
5UAR_Leu_1242_Phe,0,42,42
5UAR_Gly_1244_Glu,1,9,8
5UAR_Gly_1244_Val,0,0,0
5UAR_Thr_1246_Ile,2,2,0
5UAR_Thr_1246_Ser,0,0,0
5UAR_Ser_1248_Leu,0,0,0
5UAR_Gly_1249_Glu,2,9,7
5UAR_Gly_1249_Arg,0,0,0
5UAR_Ser_1251_Asn,4,2,-2
5UAR_Ser_1251_Arg,0,0,0
5UAR_Leu_1254_Phe,2,7,5
5UAR_Ser_1255_Thr,11,2,-9
5UAR_Ser_1255_Leu,0,0,0
5UAR_Ala_1256_Val,3,4,1
5UAR_Phe_1257_Leu,1,11,10
5UAR_Arg_1259_Thr,4,2,-2
5UAR_Thr_1263_Ile,5,4,-1
5UAR_Glu_1264_Gly,0,0,0
5UAR_Gln_1268_Arg,9,25,16
5UAR_Ile_1269_Met,2,11,9
5UAR_Asp_1270_Asn,15,8,-7
5UAR_Asp_1270_Gly,0,0,0
5UAR_Val_1272_Glu,0,0,0
5UAR_Val_1272_Gly,0,0,0
5UAR_Ile_1277_Val,1,0,-1
5UAR_Ile_1277_Thr,0,0,0
5UAR_Leu_1279_Trp,3,0,-3
5UAR_Gln_1281_Arg,0,0,0
5UAR_Trp_1282_Cys,5,4,-1
5UAR_Arg_1283_Lys,8,11,3
5UAR_Ala_1285_Val,0,1,1
5UAR_Val_1288_Ala,0,4,4
5UAR_Ile_1289_Val,3,4,1
5UAR_Pro_1290_Leu,2,5,3
5UAR_Pro_1290_Thr,0,0,0
5UAR_Gln_1291_His,1,2,1
5UAR_Gln_1291_Arg,0,0,0
5UAR_Val_1293_Ile,1,1,0
5UAR_Val_1293_Leu,0,0,0
5UAR_Thr_1299_Ala,0,2,2
5UAR_Phe_1300_Leu,3,7,4
5UAR_Asn_1303_Lys,5,8,3
5UAR_Asn_1303_Ile,0,0,0
5UAR_Asn_1303_Tyr,0,0,0
5UAR_Leu_1304_Val,3,2,-1
5UAR_Pro_1306_Ser,4,0,-4
5UAR_Tyr_1307_Asn,1,7,6
5UAR_Gln_1309_Glu,0,0,0
5UAR_Trp_1310_Gly,0,0,0
5UAR_Ser_1311_Arg,7,9,2
5UAR_Asp_1312_Gly,1,0,-1
5UAR_Gln_1313_Lys,0,0,0
5UAR_Val_1318_Ala,0,0,0
5UAR_Val_1318_Ile,0,0,0
5UAR_Val_1322_Phe,0,3,3
5UAR_Val_1322_Ile,0,0,0
5UAR_Val_1327_Leu,0,6,6
5UAR_Ile_1328_Thr,6,2,-4
5UAR_Ile_1328_Met,0,0,0
5UAR_Ile_1328_Val,0,0,0
5UAR_Gln_1330_Glu,0,0,0
5UAR_Phe_1331_Leu,0,0,0
5UAR_Phe_1331_Ile,0,0,0
5UAR_Leu_1335_Phe,0,0,0
5UAR_Phe_1337_Val,2,5,3
5UAR_Leu_1339_Pro,1,3,2
5UAR_Asp_1341_Gly,4,0,-4
5UAR_Gly_1343_Ser,0,2,2
5UAR_Gly_1343_Ala,0,0,0
5UAR_Gly_1343_Asp,0,0,0
5UAR_Cys_1344_Ser,0,7,7
5UAR_Leu_1346_Gln,0,0,0
5UAR_Ser_1347_Asn,6,3,-3
5UAR_Gly_1349_Ser,3,0,-3
5UAR_Lys_1351_Asn,8,4,-4
5UAR_Gln_1352_His,2,20,18
5UAR_Gln_1352_Glu,0,0,0
5UAR_Met_1354_Thr,3,4,1
5UAR_Met_1354_Ile,0,0,0
5UAR_Cys_1355_Gly,3,0,-3
5UAR_Cys_1355_Phe,0,0,0
5UAR_Arg_1358_Gly,1,0,-1
5UAR_Ser_1359_Cys,2,1,-1
5UAR_Leu_1361_Val,5,1,-4
5UAR_Ser_1362_Asn,2,0,-2
5UAR_Ser_1362_Thr,0,0,0
5UAR_Lys_1363_Arg,0,0,0
5UAR_Ala_1364_Val,0,2,2
5UAR_Ile_1366_Phe,13,11,-2
5UAR_Ile_1366_Thr,0,0,0
5UAR_Ile_1366_Asn,0,0,0
5UAR_Leu_1369_Phe,5,19,14
5UAR_Asp_1370_Gly,4,0,-4
5UAR_Asp_1370_His,0,0,0
5UAR_Pro_1372_Leu,5,6,1
5UAR_His_1375_Asn,0,0,0
5UAR_His_1375_Arg,0,0,0
5UAR_Asp_1377_Asn,6,4,-2
5UAR_Asp_1377_His,0,0,0
5UAR_Pro_1378_Leu,8,10,2
5UAR_Val_1379_Leu,0,0,0
5UAR_Thr_1380_Ile,2,0,-2
5UAR_Tyr_1381_His,9,10,1
5UAR_Tyr_1381_Ser,0,0,0
5UAR_Tyr_1381_Cys,0,0,0
5UAR_Gln_1382_Lys,4,6,2
5UAR_Gln_1382_His,0,0,0
5UAR_Arg_1385_Gly,5,0,-5
5UAR_Arg_1386_Gly,2,0,-2
5UAR_Phe_1392_Leu,2,10,8
5UAR_Asp_1394_Gly,0,0,0
5UAR_Asp_1394_His,0,0,0
5UAR_Cys_1395_Phe,1,7,6
5UAR_Thr_1396_Pro,1,6,5
5UAR_Thr_1396_Arg,0,0,0
5UAR_Ile_1398_Ser,4,1,-3
5UAR_Arg_1403_Lys,1,0,-1
5UAR_Arg_1403_Gly,0,0,0
5UAR_Glu_1409_Lys,0,0,0
5UAR_Cys_1410_Trp,1,28,27
5UAR_Cys_1410_Ser,0,0,0
5UAR_Gln_1411_Pro,4,11,7
5UAR_Phe_1413_Leu,2,11,9
5UAR_Val_1415_Gly,7,0,-7
5UAR_Val_1415_Asp,0,0,0
5UAR_Asn_1419_Lys,1,2,1
5UAR_Val_1421_Leu,1,1,0
5UAR_Val_1421_Met,0,0,0
5UAR_Arg_1422_Trp,3,40,37
5UAR_Arg_1422_Gln,0,0,0
5UAR_Arg_1422_Pro,0,0,0
5UAR_Ser_1426_Phe,1,6,5
5UAR_Ser_1426_Pro,0,0,0
5UAR_Ser_1426_Tyr,0,0,0
5UAR_Leu_1431_Arg,2,7,5
5UAR_Asn_1432_Lys,1,10,9
5UAR_Glu_1433_Lys,0,0,0
5UAR_Leu_1436_Phe,1,3,2
5UAR_Arg_1438_Trp,0,0,0
5UAR_Ala_1440_Thr,0,0,0
5UAR_Ile_1441_Thr,0,0,0
5UAR_Ile_1441_Val,0,0,0
5UAR_Ser_1442_Arg,0,0,0
5UAR_Pro_1443_Ser,0,0,0
5UAR_Pro_1443_Ala,0,0,0
5UAR_Ser_1444_Phe,0,0,0
5UAR_Asp_1445_Asn,0,0,0
5UAR_Phe_1450_Ile,0,0,0
5UAR_Arg_1453_Trp,0,0,0
5UAR_Arg_1453_Gln,0,0,0
5UAR_Ser_1455_Ala,0,0,0
5UAR_Lys_1457_Asn,0,0,0
5UAR_Lys_1461_Glu,0,0,0
5UAR_Ile_1464_Thr,0,0,0
5UAR_Ala_1466_Ser,0,0,0
5UAR_Val_1475_Met,0,0,0
5UAR_Val_1475_Leu,0,0,0
5UAR_Thr_1478_Arg,0,0,0
5UAR_Thr_1478_Ile,0,0,0
5UAR_Arg_1479_Lys,0,0,0
5UAR_Leu_1480_Pro,0,0,0
5UAR_Ter_1481_Tyr,0,0,0
6MSM_Met_1_?,0,0,0
6MSM_Arg_3_Met,0,2,2
6MSM_Ser_4_Leu,0,11,11
6MSM_Ser_4_Ala,0,0,0
6MSM_Pro_5_Leu,9,6,-3
6MSM_Leu_6_Arg,4,47,43
6MSM_Glu_7_Gln,1,2,1
6MSM_Ala_9_Val,2,7,5
6MSM_Ser_10_Arg,1,0,-1
6MSM_Ser_10_Asn,0,0,0
6MSM_Val_11_Ile,1,0,-1
6MSM_Val_11_Leu,0,0,0
6MSM_Val_11_Ala,0,0,0
6MSM_Val_12_Ala,5,3,-2
6MSM_Lys_14_Ile,4,1,-3
6MSM_Lys_14_Arg,0,0,0
6MSM_Lys_14_Glu,0,0,0
6MSM_Leu_15_Phe,4,8,4
6MSM_Leu_15_Val,0,0,0
6MSM_Phe_17_Leu,7,2,-5
6MSM_Ser_18_Gly,2,0,-2
6MSM_Thr_20_Ser,7,0,-7
6MSM_Arg_21_Ile,7,3,-4
6MSM_Leu_24_Val,8,6,-2
6MSM_Lys_26_Glu,8,4,-4
6MSM_Tyr_28_His,4,3,-1
6MSM_Arg_29_Thr,0,2,2
6MSM_Arg_31_Cys,0,0,0
6MSM_Arg_31_His,0,0,0
6MSM_Arg_31_Leu,0,0,0
6MSM_Leu_32_Met,5,5,0
6MSM_Leu_32_Pro,0,0,0
6MSM_Ser_35_Leu,0,0,0
6MSM_Ile_37_Val,2,0,-2
6MSM_Tyr_38_His,8,10,2
6MSM_Tyr_38_Asn,0,0,0
6MSM_Tyr_38_Cys,0,0,0
6MSM_Gln_39_His,0,2,2
6MSM_Ser_42_Phe,0,0,0
6MSM_Val_43_Ile,0,0,0
6MSM_Val_43_Ala,0,0,0
6MSM_Val_43_Leu,0,0,0
6MSM_Asp_44_Val,6,9,3
6MSM_Ala_46_Val,4,17,13
6MSM_Asn_48_Lys,1,0,-1
6MSM_Leu_49_Pro,8,1,-7
6MSM_Lys_52_Ile,3,2,-1
6MSM_Glu_54_Gly,2,0,-2
6MSM_Glu_56_Lys,3,6,3
6MSM_Trp_57_Arg,8,30,22
6MSM_Asp_58_His,0,7,7
6MSM_Asp_58_Gly,0,0,0
6MSM_Asp_58_Val,0,0,0
6MSM_Glu_60_Asp,7,10,3
6MSM_Lys_64_Glu,2,1,-1
6MSM_Lys_65_Arg,0,0,0
6MSM_Pro_67_Leu,4,11,7
6MSM_Lys_68_Glu,1,1,0
6MSM_Lys_68_Asn,0,0,0
6MSM_Ala_72_Thr,0,6,6
6MSM_Leu_73_Phe,4,26,22
6MSM_Arg_74_Trp,1,11,10
6MSM_Arg_74_Gln,0,0,0
6MSM_Arg_75_Gln,7,4,-3
6MSM_Arg_75_Leu,0,0,0
6MSM_Cys_76_Trp,3,39,36
6MSM_Cys_76_Arg,0,0,0
6MSM_Phe_78_Tyr,6,8,2
6MSM_Phe_78_Leu,0,0,0
6MSM_Trp_79_Arg,0,0,0
6MSM_Phe_81_Leu,10,5,-5
6MSM_Phe_83_Leu,2,0,-2
6MSM_Tyr_84_His,3,2,-1
6MSM_Tyr_84_Cys,0,0,0
6MSM_Gly_85_Glu,0,38,38
6MSM_Ile_86_Val,3,1,-2
6MSM_Phe_87_Ser,7,1,-6
6MSM_Leu_88_Phe,4,22,18
6MSM_Leu_88_Ser,0,0,0
6MSM_Tyr_89_Cys,14,8,-6
6MSM_Gly_91_Arg,0,29,29
6MSM_Thr_94_Ile,6,7,1
6MSM_Thr_94_Pro,0,0,0
6MSM_Val_97_Ala,1,0,-1
6MSM_Gln_98_Arg,0,30,30
6MSM_Pro_99_Leu,2,8,6
6MSM_Leu_102_Arg,3,43,40
6MSM_Arg_104_Gly,9,0,-9
6MSM_Ile_105_Val,8,5,-3
6MSM_Tyr_109_Asn,5,1,-4
6MSM_Asp_110_His,12,25,13
6MSM_Asp_110_Glu,0,0,0
6MSM_Asp_110_Tyr,0,0,0
6MSM_Pro_111_Leu,7,9,2
6MSM_Asp_112_Gly,12,0,-12
6MSM_Asp_112_Asn,0,0,0
6MSM_Glu_116_Gln,8,10,2
6MSM_Glu_116_Gly,0,0,0
6MSM_Glu_116_Ala,0,0,0
6MSM_Arg_117_His,0,0,0
6MSM_Arg_117_Cys,0,0,0
6MSM_Arg_117_Gly,0,0,0
6MSM_Arg_117_Leu,0,0,0
6MSM_Arg_117_Ser,0,0,0
6MSM_Ser_118_Phe,0,0,0
6MSM_Ser_118_Cys,0,0,0
6MSM_Ile_119_Val,1,1,0
6MSM_Ala_120_Thr,2,9,7
6MSM_Ala_120_Ser,0,0,0
6MSM_Ile_121_Phe,8,8,0
6MSM_Tyr_122_Cys,7,1,-6
6MSM_Ile_125_Thr,2,0,-2
6MSM_Gly_126_Asp,0,1,1
6MSM_Gly_126_Ser,0,0,0
6MSM_Gly_126_Val,0,0,0
6MSM_Leu_130_Val,5,2,-3
6MSM_Phe_131_Leu,13,6,-7
6MSM_Ile_132_Val,1,1,0
6MSM_Ile_132_Thr,0,0,0
6MSM_Gly_134_Ala,11,1,-10
6MSM_Thr_135_Ser,5,3,-2
6MSM_Leu_138_Pro,5,3,-2
6MSM_Ser_138_Asn,0,0,0
6MSM_His_139_Pro,4,5,1
6MSM_His_139_Tyr,0,0,0
6MSM_Pro_140_Ser,2,0,-2
6MSM_Pro_140_Arg,0,0,0
6MSM_Ala_141_Thr,1,5,4
6MSM_Met_142_Thr,10,10,0
6MSM_Glu_144_Lys,0,45,45
6MSM_Glu_144_Asp,0,0,0
6MSM_His_147_Gln,6,16,10
6MSM_His_147_Asn,0,0,0
6MSM_Ile_148_Thr,5,2,-3
6MSM_Gly_149_Glu,0,17,17
6MSM_Met_150_Ile,6,5,-1
6MSM_Gln_151_Lys,11,16,5
6MSM_Gln_151_Arg,0,0,0
6MSM_Gln_151_Pro,0,0,0
6MSM_Met_152_Leu,8,13,5
6MSM_Gly_152_Arg,0,0,0
6MSM_Met_152_Ile,0,0,0
6MSM_Arg_153_Lys,11,24,13
6MSM_Ile_154_Thr,6,2,-4
6MSM_Tyr_155_Asn,2,14,12
6MSM_Met_156_Val,3,5,2
6MSM_Ser_158_Asn,5,14,9
6MSM_Ser_158_Thr,0,0,0
6MSM_Ser_158_Cys,0,0,0
6MSM_Leu_159_Ser,6,0,-6
6MSM_Ile_160_Val,3,2,-1
6MSM_Tyr_161_Cys,21,8,-13
6MSM_Thr_164_Ala,0,0,0
6MSM_Arg_170_His,1,1,0
6MSM_Arg_170_Cys,0,0,0
6MSM_Arg_170_Ser,0,0,0
6MSM_Val_171_Ile,7,10,3
6MSM_Leu_172_Ile,2,1,-1
6MSM_Ser_176_Thr,2,2,0
6MSM_Ser_176_Asn,0,0,0
6MSM_Ser_176_Arg,0,0,0
6MSM_Ile_177_Phe,4,18,14
6MSM_Ile_177_Thr,0,0,0
6MSM_Ile_177_Met,0,0,0
6MSM_Ile_177_Val,0,0,0
6MSM_Gly_178_Arg,0,30,30
6MSM_Gly_178_Glu,0,0,0
6MSM_Gln_179_Lys,1,9,8
6MSM_Leu_180_Val,3,4,1
6MSM_Leu_183_Ile,2,0,-2
6MSM_Arg_183_Lys,0,0,0
6MSM_Glu_185_Val,2,9,7
6MSM_His_186_Gln,0,0,0
6MSM_Asn_187_Lys,2,9,7
6MSM_Cys_187_Ser,0,0,0
6MSM_Cys_187_Gly,0,0,0
6MSM_Leu_188_Phe,6,25,19
6MSM_Leu_188_Pro,0,0,0
6MSM_Cys_190_Ser,2,0,-2
6MSM_Phe_191_Val,4,2,-2
6MSM_Glu_193_Gly,0,0,0
6MSM_Glu_193_Lys,0,0,0
6MSM_Gly_194_Val,0,5,5
6MSM_Ala_196_Val,2,11,9
6MSM_Ala_198_Val,0,9,9
6MSM_Ala_198_Pro,0,0,0
6MSM_His_199_Arg,11,14,3
6MSM_Phe_200_Leu,6,10,4
6MSM_Phe_200_Ile,0,0,0
6MSM_Val_201_Met,3,15,12
6MSM_Ala_204_Thr,0,3,3
6MSM_Ala_204_Ser,0,0,0
6MSM_Pro_205_Ser,0,0,0
6MSM_Pro_205_Leu,0,0,0
6MSM_Leu_206_Trp,5,49,44
6MSM_Gln_207_His,3,15,12
6MSM_Val_208_Ala,5,1,-4
6MSM_Ala_209_Ser,0,0,0
6MSM_Leu_210_Phe,3,10,7
6MSM_Met_212_Val,9,2,-7
6MSM_Gly_213_Glu,0,53,53
6MSM_Leu_214_Val,6,6,0
6MSM_Trp_216_Arg,12,42,30
6MSM_Glu_217_Gly,4,0,-4
6MSM_Glu_217_Lys,0,0,0
6MSM_Gln_220_Pro,2,2,0
6MSM_Ala_221_Val,0,0,0
6MSM_Phe_224_Leu,8,1,-7
6MSM_Cys_225_Tyr,0,4,4
6MSM_Gly_226_Glu,0,11,11
6MSM_Gly_226_Val,0,0,0
6MSM_Phe_229_Tyr,3,3,0
6MSM_Val_232_Asp,0,0,0
6MSM_Leu_233_Val,4,2,-2
6MSM_Ala_234_Ser,0,1,1
6MSM_Phe_236_Ser,2,0,-2
6MSM_Gln_237_Glu,2,7,5
6MSM_Gly_239_Arg,0,0,0
6MSM_Gly_241_Arg,0,23,23
6MSM_Arg_242_Lys,0,0,0
6MSM_Met_243_Thr,1,3,2
6MSM_Met_243_Val,0,0,0
6MSM_Met_244_Val,1,4,3
6MSM_Met_244_Ile,0,0,0
6MSM_Arg_248_Thr,7,0,-7
6MSM_Arg_248_Lys,0,0,0
6MSM_Ala_252_Pro,0,0,0
6MSM_Ala_252_Ser,0,0,0
6MSM_Gly_253_Glu,0,0,0
6MSM_Gly_253_Arg,0,0,0
6MSM_Ile_255_Asn,3,4,1
6MSM_Ile_255_Val,0,0,0
6MSM_Ser_256_Gly,0,0,0
6MSM_Ser_256_Asn,0,0,0
6MSM_Glu_257_Ala,3,1,-2
6MSM_Arg_258_Gly,3,0,-3
6MSM_Arg_258_Ile,0,0,0
6MSM_Leu_259_Phe,4,28,24
6MSM_Leu_259_Val,0,0,0
6MSM_Val_260_Gly,3,0,-3
6MSM_Val_260_Met,0,0,0
6MSM_Val_260_Ala,0,0,0
6MSM_Met_265_Arg,7,35,28
6MSM_Ile_269_Thr,6,1,-5
6MSM_Val_272_Ala,1,0,-1
6MSM_Lys_273_Gln,8,6,-2
6MSM_Lys_273_Met,0,0,0
6MSM_Cys_276_Phe,3,14,11
6MSM_Glu_279_Asp,2,2,0
6MSM_Ala_280_Ser,4,5,1
6MSM_Met_281_Thr,6,5,-1
6MSM_Met_281_Val,0,0,0
6MSM_Glu_282_Asp,5,4,-1
6MSM_Lys_283_Arg,0,0,0
6MSM_Ile_285_Phe,6,21,15
6MSM_Ile_285_Thr,0,0,0
6MSM_Asn_287_Lys,0,0,0
6MSM_Asn_287_Ser,0,0,0
6MSM_Asn_287_Tyr,0,0,0
6MSM_Gln_290_Arg,0,1,1
6MSM_Thr_291_Arg,3,28,25
6MSM_Thr_291_Ile,0,0,0
6MSM_Thr_291_Ala,0,0,0
6MSM_Leu_293_Met,8,4,-4
6MSM_Arg_297_Gln,9,3,-6
6MSM_Arg_297_Trp,0,0,0
6MSM_Ala_299_Thr,1,3,2
6MSM_Ala_300_Gly,2,0,-2
6MSM_Tyr_301_Cys,5,1,-4
6MSM_Phe_305_Val,2,5,3
6MSM_Asn_306_Ser,1,2,1
6MSM_Ala_309_Gly,2,0,-2
6MSM_Ala_309_Thr,0,0,0
6MSM_Phe_310_Leu,10,21,11
6MSM_Gly_314_Glu,0,27,27
6MSM_Phe_315_Ser,2,4,2
6MSM_Phe_316_Leu,2,4,2
6MSM_Val_317_Gly,4,0,-4
6MSM_Leu_320_Val,1,0,-1
6MSM_Leu_320_Phe,0,0,0
6MSM_Ser_321_Pro,1,1,0
6MSM_Val_322_Met,1,7,6
6MSM_Tyr_325_Cys,8,5,-3
6MSM_Leu_327_Arg,0,5,5
6MSM_Ile_331_Asn,7,2,-5
6MSM_Leu_333_Phe,6,10,4
6MSM_Arg_334_Gln,7,8,1
6MSM_Arg_334_Trp,0,0,0
6MSM_Arg_334_Leu,0,0,0
6MSM_Ile_336_Lys,6,3,-3
6MSM_Ile_336_Thr,0,0,0
6MSM_Phe_337_Val,5,4,-1
6MSM_Thr_338_Ile,6,6,0
6MSM_Thr_338_Ala,0,0,0
6MSM_Ile_340_Val,3,0,-3
6MSM_Cys_343_Phe,3,30,27
6MSM_Ile_344_Val,3,3,0
6MSM_Arg_347_His,11,33,22
6MSM_Arg_347_Pro,0,0,0
6MSM_Arg_347_Cys,0,0,0
6MSM_Arg_347_Ser,0,0,0
6MSM_Met_348_Lys,1,5,4
6MSM_Met_348_Val,0,0,0
6MSM_Ala_349_Val,0,8,8
6MSM_Thr_351_Ser,3,2,-1
6MSM_Thr_351_Ile,0,0,0
6MSM_Arg_352_Trp,8,41,33
6MSM_Arg_352_Gln,0,0,0
6MSM_Gln_353_His,7,8,1
6MSM_Pro_355_Leu,3,12,9
6MSM_Thr_360_Ile,0,3,3
6MSM_Trp_361_Arg,3,15,12
6MSM_Asn_369_Ser,0,0,0
6MSM_Lys_370_Glu,0,0,0
6MSM_Ile_371_Met,5,11,6
6MSM_Ile_371_Thr,0,0,0
6MSM_Asp_373_Asn,0,0,0
6MSM_Asp_373_Tyr,0,0,0
6MSM_Asp_373_Val,0,0,0
6MSM_Leu_375_Phe,5,11,6
6MSM_Gln_378_Arg,2,8,6
6MSM_Glu_379_Asp,2,3,1
6MSM_Tyr_380_Cys,5,1,-4
6MSM_Thr_382_Pro,1,0,-1
6MSM_Glu_384_Asp,1,0,-1
6MSM_Leu_387_Ser,0,0,0
6MSM_Thr_388_Met,1,5,4
6MSM_Thr_389_Ser,1,1,0
6MSM_Thr_390_Ile,3,8,5
6MSM_Thr_390_Ala,0,0,0
6MSM_Met_394_Thr,13,8,-5
6MSM_Asn_396_Tyr,0,3,3
6MSM_Asn_396_Thr,0,0,0
6MSM_Ala_399_Val,1,9,8
6MSM_Ala_399_Gly,0,0,0
6MSM_Phe_400_Ser,15,0,-15
6MSM_Trp_401_Cys,16,3,-13
6MSM_Trp_401_Leu,0,0,0
6MSM_Gly_404_Arg,0,31,31
6MSM_Gly_404_Val,0,0,0
6MSM_Gly_404_Ala,0,0,0
6MSM_Gly_406_Glu,0,11,11
6MSM_Glu_407_Lys,0,4,4
6MSM_Glu_407_Val,0,0,0
6MSM_Phe_409_Ile,6,13,7
6MSM_Lys_411_Glu,0,0,0
6MSM_Ala_412_Ser,0,0,0
6MSM_Gln_414_Pro,0,0,0
6MSM_Asn_416_Ser,0,0,0
6MSM_Asn_416_Asp,0,0,0
6MSM_Asn_418_Ser,0,0,0
6MSM_Asn_423_Lys,0,0,0
6MSM_Gly_424_Ser,0,0,0
6MSM_Leu_428_Ile,0,0,0
6MSM_Ser_431_Gly,0,0,0
6MSM_Leu_435_Pro,0,0,0
6MSM_Gly_437_Asp,0,16,16
6MSM_Thr_438_Ala,1,0,-1
6MSM_Pro_439_Thr,11,13,2
6MSM_Val_440_Ala,7,0,-7
6MSM_Leu_441_Pro,4,5,1
6MSM_Asp_443_Tyr,0,1,1
6MSM_Asp_443_Glu,0,0,0
6MSM_Ile_444_Thr,6,1,-5
6MSM_Ile_444_Val,0,0,0
6MSM_Lys_447_Arg,4,0,-4
6MSM_Ile_448_Thr,12,4,-8
6MSM_Glu_449_Gly,4,0,-4
6MSM_Arg_450_Ile,3,9,6
6MSM_Gly_451_Arg,0,6,6
6MSM_Gln_452_Arg,6,31,25
6MSM_Ala_455_Val,4,11,7
6MSM_Ala_455_Glu,0,0,0
6MSM_Val_456_Ala,4,1,-3
6MSM_Ser_459_Phe,0,17,17
6MSM_Ala_462_Val,1,6,5
6MSM_Thr_465_Asn,8,17,9
6MSM_Ser_466_Leu,4,28,24
6MSM_Leu_467_Phe,4,19,15
6MSM_Leu_467_Pro,0,0,0
6MSM_Met_469_Ile,8,6,-2
6MSM_Met_469_Val,0,0,0
6MSM_Val_470_Met,7,13,6
6MSM_Ile_471_Val,5,4,-1
6MSM_Glu_474_Gln,10,19,9
6MSM_Pro_477_Ser,1,1,0
6MSM_Pro_477_Thr,0,0,0
6MSM_Glu_479_Asp,1,1,0
6MSM_Glu_479_Gly,0,0,0
6MSM_Gly_480_Cys,0,8,8
6MSM_His_484_Tyr,2,3,1
6MSM_Ser_485_Cys,5,4,-1
6MSM_Ser_485_Thr,0,0,0
6MSM_Arg_487_Lys,1,8,7
6MSM_Phe_490_Cys,11,4,-7
6MSM_Cys_491_Phe,2,20,18
6MSM_Ser_492_Phe,2,34,32
6MSM_Gln_493_Arg,11,41,30
6MSM_Ser_495_Phe,3,11,8
6MSM_Met_498_Thr,4,9,5
6MSM_Pro_499_Ala,2,0,-2
6MSM_Pro_499_Ser,0,0,0
6MSM_Gly_500_Asp,0,21,21
6MSM_Gly_500_Ser,0,0,0
6MSM_Ile_502_Thr,3,1,-2
6MSM_Ile_502_Val,0,0,0
6MSM_Ile_506_Val,5,3,-2
6MSM_Ile_506_Thr,0,0,0
6MSM_Ile_506_Leu,0,0,0
6MSM_Ile_507_Val,3,6,3
6MSM_Phe_508_Cys,12,5,-7
6MSM_Phe_508_Val,0,0,0
6MSM_Phe_508_Leu,0,0,0
6MSM_Val_510_Ile,3,6,3
6MSM_Asp_513_Gly,4,0,-4
6MSM_Asp_513_Tyr,0,0,0
6MSM_Tyr_515_His,1,1,0
6MSM_Ser_519_Asn,0,3,3
6MSM_Val_520_Ile,2,7,5
6MSM_Val_520_Phe,0,0,0
6MSM_Ile_521_Leu,8,6,-2
6MSM_Ile_521_Phe,0,0,0
6MSM_Cys_524_Arg,1,17,16
6MSM_Glu_527_Gly,3,0,-3
6MSM_Glu_527_Gln,0,0,0
6MSM_Glu_528_Lys,1,16,15
6MSM_Ile_530_Met,3,8,5
6MSM_Ile_530_Asn,0,0,0
6MSM_Lys_532_Asn,0,0,0
6MSM_Ala_534_Glu,0,0,0
6MSM_Ala_534_Ser,0,0,0
6MSM_Lys_536_Glu,0,1,1
6MSM_Asn_538_Lys,2,12,10
6MSM_Asn_538_Tyr,0,0,0
6MSM_Ile_539_Thr,6,1,-5
6MSM_Val_540_Ile,0,0,0
6MSM_Val_540_Ala,0,0,0
6MSM_Gly_542_Glu,0,0,0
6MSM_Gly_542_Arg,0,0,0
6MSM_Gly_544_Ser,0,2,2
6MSM_Ile_546_Phe,2,10,8
6MSM_Thr_547_Ile,1,1,0
6MSM_Thr_547_Ala,0,0,0
6MSM_Leu_548_Pro,10,6,-4
6MSM_Ser_549_Asn,8,15,7
6MSM_Ser_549_Arg,0,0,0
6MSM_Gly_551_Asp,0,21,21
6MSM_Gly_551_Ser,0,0,0
6MSM_Arg_553_Gln,5,4,-1
6MSM_Arg_553_Pro,0,0,0
6MSM_Ile_556_Val,5,5,0
6MSM_Ser_557_Thr,3,4,1
6MSM_Leu_558_Ser,3,1,-2
6MSM_Ala_559_Thr,4,11,7
6MSM_Ala_559_Ser,0,0,0
6MSM_Arg_560_Thr,10,3,-7
6MSM_Arg_560_Ser,0,0,0
6MSM_Ala_561_Glu,2,11,9
6MSM_Ala_561_Ser,0,0,0
6MSM_Val_562_Ile,7,11,4
6MSM_Val_562_Leu,0,0,0
6MSM_Tyr_563_Asn,9,10,1
6MSM_Lys_564_Arg,3,32,29
6MSM_Lys_564_Glu,0,0,0
6MSM_Asp_565_His,1,22,21
6MSM_Asp_565_Tyr,0,0,0
6MSM_Ala_566_Asp,1,6,5
6MSM_Asp_567_Asn,4,4,0
6MSM_Tyr_569_Asp,5,9,4
6MSM_Asp_572_Glu,6,14,8
6MSM_Ser_573_Phe,2,23,21
6MSM_Ser_573_Cys,0,0,0
6MSM_Pro_574_His,4,28,24
6MSM_Phe_575_Tyr,9,19,10
6MSM_Phe_575_Ile,0,0,0
6MSM_Gly_576_Ala,0,5,5
6MSM_Gly_576_Val,0,0,0
6MSM_Tyr_577_Cys,2,0,-2
6MSM_Tyr_577_Phe,0,0,0
6MSM_Asp_579_Gly,6,0,-6
6MSM_Thr_582_Ser,5,2,-3
6MSM_Glu_583_Gly,6,0,-6
6MSM_Glu_585_Lys,5,9,4
6MSM_Phe_587_Val,14,10,-4
6MSM_Phe_587_Ile,0,0,0
6MSM_Glu_588_Lys,4,6,2
6MSM_Glu_588_Gly,0,0,0
6MSM_Glu_588_Ala,0,0,0
6MSM_Ser_589_Thr,0,0,0
6MSM_Cys_592_Tyr,3,29,26
6MSM_Met_595_Val,7,1,-6
6MSM_Met_595_Leu,0,0,0
6MSM_Asn_597_Lys,0,0,0
6MSM_Thr_599_Ser,2,2,0
6MSM_Ile_601_Val,10,6,-4
6MSM_Ile_601_Phe,0,0,0
6MSM_Val_603_Ile,3,10,7
6MSM_Ser_605_Pro,0,1,1
6MSM_Leu_610_Ile,8,9,1
6MSM_Leu_610_Phe,0,0,0
6MSM_Asp_614_Gly,4,0,-4
6MSM_Ile_616_Val,9,3,-6
6MSM_Leu_617_Phe,4,28,24
6MSM_Ile_618_Thr,5,0,-5
6MSM_His_620_Arg,3,0,-3
6MSM_His_620_Leu,0,0,0
6MSM_Gly_622_Asp,0,3,3
6MSM_Tyr_625_Asn,1,5,4
6MSM_Phe_626_Leu,13,9,-4
6MSM_Tyr_627_Cys,4,1,-3
6MSM_Gly_628_Arg,0,49,49
6MSM_Thr_629_Ala,4,1,-3
6MSM_Leu_633_Ile,9,12,3
6MSM_Asn_635_Thr,0,0,0
6MSM_Leu_636_Pro,2,1,-1
6MSM_Pro_638_Ser,0,0,0
6MSM_Ser_641_Gly,0,0,0
6MSM_Met_645_Thr,0,0,0
6MSM_Met_645_Lys,0,0,0
6MSM_Asp_648_Asn,0,0,0
6MSM_Phe_650_Leu,0,0,0
6MSM_Asp_651_Asn,0,0,0
6MSM_Gln_652_Glu,0,0,0
6MSM_Gln_652_Lys,0,0,0
6MSM_Phe_653_Val,0,0,0
6MSM_Ser_654_Gly,0,0,0
6MSM_Glu_656_Gln,0,0,0
6MSM_Ile_661_Met,0,0,0
6MSM_Ile_661_Val,0,0,0
6MSM_Ile_661_Thr,0,0,0
6MSM_His_667_Tyr,0,0,0
6MSM_Arg_668_Cys,0,0,0
6MSM_Arg_668_His,0,0,0
6MSM_Glu_672_Lys,0,0,0
6MSM_Asp_674_Gly,0,0,0
6MSM_Asp_674_Val,0,0,0
6MSM_Ala_675_Val,0,0,0
6MSM_Pro_676_Ala,0,0,0
6MSM_Pro_676_Ser,0,0,0
6MSM_Glu_681_Val,0,0,0
6MSM_Lys_684_Thr,0,0,0
6MSM_Ser_686_Tyr,0,0,0
6MSM_Ser_686_Thr,0,0,0
6MSM_Lys_688_Gln,0,0,0
6MSM_Thr_690_Ala,0,0,0
6MSM_Gly_691_Arg,0,0,0
6MSM_Phe_693_Leu,0,0,0
6MSM_Glu_695_Gly,0,0,0
6MSM_Asn_699_Lys,0,0,0
6MSM_Asn_703_Ile,0,0,0
6MSM_Pro_704_Leu,0,0,0
6MSM_Pro_704_Arg,0,0,0
6MSM_Ile_705_Val,0,0,0
6MSM_Ser_707_Cys,0,0,0
6MSM_Ile_708_Thr,0,0,0
6MSM_Arg_709_Gln,0,0,0
6MSM_Val_714_Leu,0,0,0
6MSM_Gln_715_His,0,0,0
6MSM_Pro_718_Arg,0,0,0
6MSM_Gln_720_Arg,0,0,0
6MSM_Gly_723_Val,0,0,0
6MSM_Glu_725_Lys,0,0,0
6MSM_Asp_727_Ala,0,0,0
6MSM_Pro_731_Leu,0,0,0
6MSM_Ser_737_Phe,0,0,0
6MSM_Ser_737_Thr,0,0,0
6MSM_Pro_740_Leu,0,0,0
6MSM_Gln_744_Pro,0,0,0
6MSM_Ala_747_Val,0,0,0
6MSM_Pro_750_Leu,0,0,0
6MSM_Arg_751_Cys,0,0,0
6MSM_Arg_751_His,0,0,0
6MSM_Arg_751_Leu,0,0,0
6MSM_Ile_752_Ser,0,0,0
6MSM_Ser_753_Gly,0,0,0
6MSM_Ser_753_Asn,0,0,0
6MSM_Val_754_Met,0,0,0
6MSM_Ile_755_Phe,0,0,0
6MSM_Ser_756_Cys,0,0,0
6MSM_Thr_757_Ser,0,0,0
6MSM_Thr_760_Met,0,0,0
6MSM_Thr_760_Arg,0,0,0
6MSM_Arg_764_Gln,0,0,0
6MSM_Arg_765_Lys,0,0,0
6MSM_Arg_766_Lys,0,0,0
6MSM_Gln_767_His,0,0,0
6MSM_Ser_768_Phe,0,0,0
6MSM_Val_769_Ile,0,0,0
6MSM_His_775_Tyr,0,0,0
6MSM_His_775_Arg,0,0,0
6MSM_Ser_776_Leu,0,0,0
6MSM_Gln_781_His,0,0,0
6MSM_Ile_783_Val,0,0,0
6MSM_Arg_785_Gln,0,0,0
6MSM_Arg_785_Pro,0,0,0
6MSM_Lys_786_Asn,0,0,0
6MSM_Arg_792_Gly,0,0,0
6MSM_Arg_792_Gln,0,0,0
6MSM_Val_794_Leu,0,0,0
6MSM_Leu_796_Pro,0,0,0
6MSM_Pro_798_Ser,0,0,0
6MSM_Gln_799_Lys,0,0,0
6MSM_Ala_800_Ser,0,0,0
6MSM_Ala_800_Val,0,0,0
6MSM_Asn_801_Tyr,0,0,0
6MSM_Leu_802_Phe,0,0,0
6MSM_Asp_806_Gly,0,0,0
6MSM_Ile_807_Met,0,0,0
6MSM_Arg_810_Gly,0,0,0
6MSM_Arg_811_Ser,0,0,0
6MSM_Gly_817_Val,0,0,0
6MSM_Ser_821_Asn,0,0,0
6MSM_Glu_823_Asp,0,0,0
6MSM_Glu_826_Lys,0,0,0
6MSM_Glu_826_Asp,0,0,0
6MSM_Asp_828_Asn,0,0,0
6MSM_Asp_828_Glu,0,0,0
6MSM_Cys_832_Tyr,0,0,0
6MSM_Cys_832_Gly,0,0,0
6MSM_Phe_834_Leu,0,0,0
6MSM_Asp_836_Tyr,0,0,0
6MSM_Met_837_Thr,0,0,0
6MSM_Asn_847_Ser,4,0,-4
6MSM_Tyr_849_Cys,14,0,-14
6MSM_Arg_851_Gln,10,3,-7
6MSM_Ile_853_Val,0,1,1
6MSM_Ile_853_Phe,0,0,0
6MSM_Thr_854_Ile,0,1,1
6MSM_Val_855_Ile,4,8,4
6MSM_Lys_857_Asn,0,0,0
6MSM_Leu_859_Phe,7,20,13
6MSM_Val_862_Leu,3,8,5
6MSM_Cys_866_Tyr,4,33,29
6MSM_Glu_873_Val,2,1,-1
6MSM_Val_874_Leu,4,13,9
6MSM_Ala_876_Val,0,0,0
6MSM_Ser_877_Ala,4,3,-1
6MSM_Thr_887_Pro,2,0,-2
6MSM_Thr_887_Asn,0,0,0
6MSM_Pro_888_His,1,0,-1
6MSM_Leu_889_Phe,1,3,2
6MSM_Leu_889_Val,0,0,0
6MSM_Gln_890_Arg,0,0,0
6MSM_Asp_891_Gly,0,0,0
6MSM_Asp_891_Asn,0,0,0
6MSM_Asn_894_Lys,0,0,0
6MSM_Asn_894_Ser,0,0,0
6MSM_Ser_895_Asn,0,0,0
6MSM_Ser_895_Thr,0,0,0
6MSM_Thr_896_Ile,0,0,0
6MSM_His_897_Tyr,0,0,0
6MSM_Ser_898_Arg,0,0,0
6MSM_Asn_901_Ile,0,1,1
6MSM_Tyr_903_Cys,0,0,0
6MSM_Val_905_Leu,0,1,1
6MSM_Ile_907_Ser,2,0,-2
6MSM_Ile_907_Val,0,0,0
6MSM_Thr_908_Asn,0,0,0
6MSM_Thr_910_Ser,6,4,-2
6MSM_Ser_911_Asn,0,11,11
6MSM_Ser_912_Leu,0,1,1
6MSM_Tyr_913_Cys,12,8,-4
6MSM_Val_915_Leu,1,5,4
6MSM_Ile_918_Val,1,0,-1
6MSM_Tyr_919_Cys,13,4,-9
6MSM_Val_920_Met,2,10,8
6MSM_Val_920_Leu,0,0,0
6MSM_Gly_921_Arg,0,46,46
6MSM_Val_922_Gly,1,0,-1
6MSM_Asp_924_Asn,7,1,-6
6MSM_Thr_925_Asn,4,5,1
6MSM_Leu_926_Phe,2,10,8
6MSM_Leu_926_Ser,0,0,0
6MSM_Gly_934_Ser,0,11,11
6MSM_Pro_936_Thr,1,4,3
6MSM_Pro_936_Leu,0,0,0
6MSM_Val_938_Leu,2,4,2
6MSM_Val_938_Gly,0,0,0
6MSM_Val_938_Met,0,0,0
6MSM_His_939_Asp,5,8,3
6MSM_His_939_Gln,0,0,0
6MSM_Val_944_Ala,5,0,-5
6MSM_Ser_945_Leu,2,13,11
6MSM_Lys_946_Glu,3,19,16
6MSM_Lys_946_Gln,0,0,0
6MSM_Leu_948_Phe,8,26,18
6MSM_His_949_Leu,6,14,8
6MSM_His_949_Tyr,0,0,0
6MSM_His_950_Arg,0,2,2
6MSM_Lys_951_Glu,2,0,-2
6MSM_Lys_951_Thr,0,0,0
6MSM_Met_952_Thr,7,6,-1
6MSM_Met_952_Ile,0,0,0
6MSM_His_954_Tyr,4,15,11
6MSM_Ala_959_Val,1,7,6
6MSM_Ala_959_Thr,0,0,0
6MSM_Pro_960_Ser,2,1,-1
6MSM_Pro_960_Leu,0,0,0
6MSM_Met_961_Thr,6,1,-5
6MSM_Met_961_Ile,0,0,0
6MSM_Met_961_Val,0,0,0
6MSM_Leu_964_Phe,3,6,3
6MSM_Asn_965_Lys,2,7,5
6MSM_Leu_967_Ser,4,0,-4
6MSM_Gly_970_Asp,0,15,15
6MSM_Phe_976_Ser,7,1,-6
6MSM_Phe_976_Leu,0,0,0
6MSM_Ser_977_Phe,5,23,18
6MSM_Ser_977_Ala,0,0,0
6MSM_Ser_977_Cys,0,0,0
6MSM_Ser_977_Pro,0,0,0
6MSM_Lys_978_Arg,7,31,24
6MSM_Asp_979_Ala,7,2,-5
6MSM_Asp_979_Gly,0,0,0
6MSM_Ile_980_Lys,5,27,22
6MSM_Ile_982_Val,5,1,-4
6MSM_Asp_984_Asn,3,5,2
6MSM_Asp_985_Asn,2,3,1
6MSM_Asp_985_Glu,0,0,0
6MSM_Leu_986_Pro,2,4,2
6MSM_Thr_990_Asn,5,4,-1
6MSM_Thr_990_Ser,0,0,0
6MSM_Ile_991_Val,4,2,-2
6MSM_Ile_991_Met,0,0,0
6MSM_Phe_992_Leu,5,10,5
6MSM_Asp_993_Gly,1,0,-1
6MSM_Phe_994_Leu,3,11,8
6MSM_Phe_994_Cys,0,0,0
6MSM_Ile_995_Asn,4,1,-3
6MSM_Ile_995_Leu,0,0,0
6MSM_Leu_997_Phe,6,17,11
6MSM_Val_1001_Leu,5,11,6
6MSM_Ile_1002_Phe,1,3,2
6MSM_Gly_1003_Glu,0,38,38
6MSM_Ala_1004_Gly,0,0,0
6MSM_Ile_1005_Arg,6,21,15
6MSM_Ala_1006_Thr,0,1,1
6MSM_Ala_1006_Glu,0,0,0
6MSM_Val_1008_Asp,7,5,-2
6MSM_Ala_1009_Thr,2,8,6
6MSM_Ala_1009_Val,0,0,0
6MSM_Pro_1013_His,2,0,-2
6MSM_Pro_1013_Leu,0,0,0
6MSM_Pro_1013_Arg,0,0,0
6MSM_Tyr_1014_Cys,2,0,-2
6MSM_Phe_1016_Ser,4,2,-2
6MSM_Ala_1018_Thr,0,3,3
6MSM_Pro_1021_Thr,0,0,0
6MSM_Pro_1021_Ser,0,0,0
6MSM_Val_1022_Met,9,19,10
6MSM_Ile_1023_Val,3,1,-2
6MSM_Ile_1023_Arg,0,0,0
6MSM_Ala_1025_Ser,1,1,0
6MSM_Ala_1025_Val,0,0,0
6MSM_Ile_1027_Thr,1,0,-1
6MSM_Met_1028_Val,0,1,1
6MSM_Met_1028_Arg,0,0,0
6MSM_Met_1028_Ile,0,0,0
6MSM_Leu_1029_Met,6,4,-2
6MSM_Ala_1031_Val,0,0,0
6MSM_Tyr_1032_Cys,10,0,-10
6MSM_Thr_1036_Asn,1,2,1
6MSM_Gln_1039_Arg,3,2,-1
6MSM_Lys_1041_Gln,1,14,13
6MSM_Glu_1044_Gln,10,10,0
6MSM_Gly_1047_Val,0,9,9
6MSM_Ser_1049_Asn,0,4,4
6MSM_Pro_1050_Ala,2,1,-1
6MSM_Ile_1051_Val,3,2,-1
6MSM_Ile_1051_Phe,0,0,0
6MSM_Phe_1052_Val,4,2,-2
6MSM_Phe_1052_Leu,0,0,0
6MSM_Thr_1053_Ile,0,6,6
6MSM_His_1054_Gln,11,2,-9
6MSM_His_1054_Tyr,0,0,0
6MSM_Thr_1057_Ala,3,0,-3
6MSM_Gly_1061_Arg,0,54,54
6MSM_Leu_1065_Phe,10,22,12
6MSM_Arg_1066_His,13,8,-5
6MSM_Arg_1066_Cys,0,0,0
6MSM_Ala_1067_Val,1,7,6
6MSM_Ala_1067_Thr,0,0,0
6MSM_Gly_1069_Arg,0,2,2
6MSM_Arg_1070_Gln,8,4,-4
6MSM_Arg_1070_Trp,0,0,0
6MSM_Gln_1071_Arg,2,10,8
6MSM_Phe_1074_Leu,13,7,-6
6MSM_Leu_1077_Pro,1,2,1
6MSM_Lys_1080_Arg,0,0,0
6MSM_Lys_1080_Gln,0,0,0
6MSM_Lys_1080_Glu,0,0,0
6MSM_Ala_1081_Gly,2,0,-2
6MSM_His_1085_Pro,7,3,-4
6MSM_Thr_1086_Ser,5,2,-3
6MSM_Thr_1086_Ala,0,0,0
6MSM_Trp_1089_Cys,10,9,-1
6MSM_Phe_1090_Leu,5,13,8
6MSM_Leu_1091_Phe,7,24,17
6MSM_Tyr_1092_His,7,6,-1
6MSM_Tyr_1092_Cys,0,0,0
6MSM_Arg_1097_Cys,8,0,-8
6MSM_Arg_1097_His,0,0,0
6MSM_Arg_1097_Pro,0,0,0
6MSM_Trp_1098_Cys,17,4,-13
6MSM_Phe_1099_Leu,17,28,11
6MSM_Gln_1100_Pro,5,4,-1
6MSM_Met_1101_Lys,6,11,5
6MSM_Met_1101_Ile,0,0,0
6MSM_Arg_1102_Lys,9,30,21
6MSM_Ile_1106_Thr,1,2,1
6MSM_Val_1108_Leu,4,12,8
6MSM_Ile_1109_Val,0,0,0
6MSM_Phe_1111_Leu,12,17,5
6MSM_Val_1114_Leu,4,9,5
6MSM_Phe_1116_Ser,5,1,-4
6MSM_Ile_1117_Thr,2,0,-2
6MSM_Ser_1118_Phe,1,37,36
6MSM_Ser_1118_Cys,0,0,0
6MSM_Gly_1130_Ala,0,8,8
6MSM_Gly_1130_Val,0,0,0
6MSM_Gly_1130_Ser,0,0,0
6MSM_Ile_1131_Val,8,5,-3
6MSM_Ala_1136_Thr,1,6,5
6MSM_Met_1137_Val,11,8,-3
6MSM_Met_1137_Thr,0,0,0
6MSM_Ile_1139_Val,4,3,-1
6MSM_Met_1140_Val,10,4,-6
6MSM_Ala_1146_Val,1,7,6
6MSM_Ala_1146_Asp,0,0,0
6MSM_Val_1147_Glu,1,12,11
6MSM_Asn_1148_Lys,3,4,1
6MSM_Ile_1151_Val,7,2,-5
6MSM_Asp_1152_His,1,1,0
6MSM_Val_1153_Glu,5,14,9
6MSM_Val_1153_Met,0,0,0
6MSM_Asp_1154_Glu,5,14,9
6MSM_Asp_1154_Gly,0,0,0
6MSM_Leu_1156_Phe,6,8,2
6MSM_Met_1157_Ile,15,23,8
6MSM_Arg_1158_Gln,12,9,-3
6MSM_Ser_1159_Pro,5,4,-1
6MSM_Ser_1159_Phe,0,0,0
6MSM_Arg_1162_Leu,6,1,-5
6MSM_Arg_1162_Gln,0,0,0
6MSM_Val_1163_Gly,2,0,-2
6MSM_Lys_1165_Arg,0,1,1
6MSM_Ile_1167_Val,4,0,-4
6MSM_Asp_1168_Gly,5,0,-5
6MSM_Thr_1171_Ala,0,0,0
6MSM_Glu_1172_Gln,4,9,5
6MSM_Gly_1173_Ser,0,3,3
6MSM_Lys_1174_Thr,0,0,0
6MSM_Lys_1177_Arg,0,0,0
6MSM_Lys_1177_Thr,0,0,0
6MSM_Pro_1181_Gln,0,0,0
6MSM_Tyr_1182_His,0,0,0
6MSM_Lys_1183_Asn,0,0,0
6MSM_Asn_1184_Lys,0,0,0
6MSM_Gln_1186_His,0,0,0
6MSM_Leu_1187_Val,0,0,0
6MSM_Leu_1187_Ile,0,0,0
6MSM_Ser_1188_Pro,0,0,0
6MSM_Ser_1188_Leu,0,0,0
6MSM_Met_1191_Thr,0,0,0
6MSM_His_1197_Leu,0,0,0
6MSM_His_1197_Arg,0,0,0
6MSM_Val_1198_Met,0,0,0
6MSM_Val_1198_Leu,0,0,0
6MSM_Lys_1199_Arg,0,0,0
6MSM_Lys_1200_Gln,0,0,0
6MSM_Asp_1201_Tyr,0,0,0
6MSM_Ile_1203_Phe,0,0,0
6MSM_Ile_1203_Val,0,0,0
6MSM_Gly_1208_Asp,0,13,13
6MSM_Gln_1209_Lys,0,2,2
6MSM_Met_1210_Leu,4,7,3
6MSM_Thr_1216_Ala,0,0,0
6MSM_Ala_1217_Val,3,12,9
6MSM_Tyr_1219_His,33,12,-21
6MSM_Thr_1220_Ile,0,0,0
6MSM_Gly_1223_Arg,0,18,18
6MSM_Asn_1224_Lys,0,1,1
6MSM_Ala_1225_Val,3,10,7
6MSM_Ile_1226_Thr,3,0,-3
6MSM_Leu_1227_Ser,4,2,-2
6MSM_Glu_1228_Gln,3,0,-3
6MSM_Glu_1228_Gly,0,0,0
6MSM_Asn_1229_Lys,0,0,0
6MSM_Ile_1230_Thr,8,5,-3
6MSM_Ile_1230_Val,0,0,0
6MSM_Ile_1234_Val,5,2,-3
6MSM_Ser_1235_Arg,2,2,0
6MSM_Gly_1237_Asp,0,2,2
6MSM_Gln_1238_Lys,14,9,-5
6MSM_Val_1240_Gly,4,0,-4
6MSM_Gly_1241_Asp,0,21,21
6MSM_Leu_1242_Phe,6,24,18
6MSM_Gly_1244_Glu,0,29,29
6MSM_Gly_1244_Val,0,0,0
6MSM_Thr_1246_Ile,7,9,2
6MSM_Thr_1246_Ser,0,0,0
6MSM_Ser_1248_Leu,3,4,1
6MSM_Gly_1249_Glu,0,17,17
6MSM_Gly_1249_Arg,0,0,0
6MSM_Ser_1251_Asn,7,18,11
6MSM_Ser_1251_Arg,0,0,0
6MSM_Leu_1254_Phe,5,18,13
6MSM_Ser_1255_Thr,2,4,2
6MSM_Ser_1255_Leu,0,0,0
6MSM_Ala_1256_Val,0,5,5
6MSM_Phe_1257_Leu,9,18,9
6MSM_Arg_1259_Thr,3,2,-1
6MSM_Thr_1263_Ile,2,7,5
6MSM_Glu_1264_Gly,0,0,0
6MSM_Gln_1268_Arg,3,12,9
6MSM_Ile_1269_Met,6,11,5
6MSM_Asp_1270_Asn,0,2,2
6MSM_Asp_1270_Gly,0,0,0
6MSM_Val_1272_Glu,2,3,1
6MSM_Val_1272_Gly,0,0,0
6MSM_Ile_1277_Val,6,1,-5
6MSM_Ile_1277_Thr,0,0,0
6MSM_Leu_1279_Trp,7,31,24
6MSM_Gln_1281_Arg,6,4,-2
6MSM_Trp_1282_Cys,13,1,-12
6MSM_Arg_1283_Lys,7,7,0
6MSM_Ala_1285_Val,2,8,6
6MSM_Val_1288_Ala,5,0,-5
6MSM_Ile_1289_Val,8,3,-5
6MSM_Pro_1290_Leu,7,7,0
6MSM_Pro_1290_Thr,0,0,0
6MSM_Gln_1291_His,5,12,7
6MSM_Gln_1291_Arg,0,0,0
6MSM_Val_1293_Ile,4,9,5
6MSM_Val_1293_Leu,0,0,0
6MSM_Thr_1299_Ala,2,1,-1
6MSM_Phe_1300_Leu,2,6,4
6MSM_Asn_1303_Lys,3,16,13
6MSM_Asn_1303_Ile,0,0,0
6MSM_Asn_1303_Tyr,0,0,0
6MSM_Leu_1304_Val,5,4,-1
6MSM_Pro_1306_Ser,4,3,-1
6MSM_Tyr_1307_Asn,6,3,-3
6MSM_Gln_1309_Glu,2,1,-1
6MSM_Trp_1310_Gly,10,0,-10
6MSM_Ser_1311_Arg,1,0,-1
6MSM_Asp_1312_Gly,5,0,-5
6MSM_Gln_1313_Lys,0,0,0
6MSM_Val_1318_Ala,5,0,-5
6MSM_Val_1318_Ile,0,0,0
6MSM_Val_1322_Phe,4,33,29
6MSM_Val_1322_Ile,0,0,0
6MSM_Val_1327_Leu,6,13,7
6MSM_Ile_1328_Thr,3,1,-2
6MSM_Ile_1328_Met,0,0,0
6MSM_Ile_1328_Val,0,0,0
6MSM_Gln_1330_Glu,0,0,0
6MSM_Phe_1331_Leu,3,5,2
6MSM_Phe_1331_Ile,0,0,0
6MSM_Leu_1335_Phe,5,22,17
6MSM_Phe_1337_Val,1,1,0
6MSM_Leu_1339_Pro,2,1,-1
6MSM_Asp_1341_Gly,1,0,-1
6MSM_Gly_1343_Ser,0,6,6
6MSM_Gly_1343_Ala,0,0,0
6MSM_Gly_1343_Asp,0,0,0
6MSM_Cys_1344_Ser,1,0,-1
6MSM_Leu_1346_Gln,3,7,4
6MSM_Ser_1347_Asn,7,27,20
6MSM_Gly_1349_Ser,0,11,11
6MSM_Lys_1351_Asn,3,4,1
6MSM_Gln_1352_His,1,6,5
6MSM_Gln_1352_Glu,0,0,0
6MSM_Met_1354_Thr,6,1,-5
6MSM_Met_1354_Ile,0,0,0
6MSM_Cys_1355_Gly,2,0,-2
6MSM_Cys_1355_Phe,0,0,0
6MSM_Arg_1358_Gly,9,0,-9
6MSM_Ser_1359_Cys,4,5,1
6MSM_Leu_1361_Val,5,7,2
6MSM_Ser_1362_Asn,0,0,0
6MSM_Ser_1362_Thr,0,0,0
6MSM_Lys_1363_Arg,1,2,1
6MSM_Ala_1364_Val,0,0,0
6MSM_Ile_1366_Phe,4,8,4
6MSM_Ile_1366_Thr,0,0,0
6MSM_Ile_1366_Asn,0,0,0
6MSM_Leu_1369_Phe,8,19,11
6MSM_Asp_1370_Gly,6,0,-6
6MSM_Asp_1370_His,0,0,0
6MSM_Pro_1372_Leu,5,13,8
6MSM_His_1375_Asn,10,12,2
6MSM_His_1375_Arg,0,0,0
6MSM_Asp_1377_Asn,4,3,-1
6MSM_Asp_1377_His,0,0,0
6MSM_Pro_1378_Leu,0,2,2
6MSM_Val_1379_Leu,2,1,-1
6MSM_Thr_1380_Ile,4,12,8
6MSM_Tyr_1381_His,11,12,1
6MSM_Tyr_1381_Ser,0,0,0
6MSM_Tyr_1381_Cys,0,0,0
6MSM_Gln_1382_Lys,2,0,-2
6MSM_Gln_1382_His,0,0,0
6MSM_Arg_1385_Gly,6,0,-6
6MSM_Arg_1386_Gly,3,0,-3
6MSM_Phe_1392_Leu,8,8,0
6MSM_Asp_1394_Gly,0,0,0
6MSM_Asp_1394_His,0,0,0
6MSM_Cys_1395_Phe,1,20,19
6MSM_Thr_1396_Pro,1,2,1
6MSM_Thr_1396_Arg,0,0,0
6MSM_Ile_1398_Ser,9,1,-8
6MSM_Arg_1403_Lys,6,0,-6
6MSM_Arg_1403_Gly,0,0,0
6MSM_Glu_1409_Lys,4,25,21
6MSM_Cys_1410_Trp,2,39,37
6MSM_Cys_1410_Ser,0,0,0
6MSM_Gln_1411_Pro,6,6,0
6MSM_Phe_1413_Leu,9,4,-5
6MSM_Val_1415_Gly,4,0,-4
6MSM_Val_1415_Asp,0,0,0
6MSM_Asn_1419_Lys,0,0,0
6MSM_Val_1421_Leu,4,12,8
6MSM_Val_1421_Met,0,0,0
6MSM_Arg_1422_Trp,3,1,-2
6MSM_Arg_1422_Gln,0,0,0
6MSM_Arg_1422_Pro,0,0,0
6MSM_Ser_1426_Phe,4,7,3
6MSM_Ser_1426_Pro,0,0,0
6MSM_Ser_1426_Tyr,0,0,0
6MSM_Leu_1431_Arg,6,27,21
6MSM_Asn_1432_Lys,0,4,4
6MSM_Glu_1433_Lys,2,0,-2
6MSM_Leu_1436_Phe,1,22,21
6MSM_Arg_1438_Trp,0,32,32
6MSM_Ala_1440_Thr,2,8,6
6MSM_Ile_1441_Thr,5,3,-2
6MSM_Ile_1441_Val,0,0,0
6MSM_Ser_1442_Arg,1,12,11
6MSM_Pro_1443_Ser,0,0,0
6MSM_Pro_1443_Ala,0,0,0
6MSM_Ser_1444_Phe,0,8,8
6MSM_Asp_1445_Asn,2,1,-1
6MSM_Phe_1450_Ile,1,1,0
6MSM_Arg_1453_Trp,0,0,0
6MSM_Arg_1453_Gln,0,0,0
6MSM_Ser_1455_Ala,0,0,0
6MSM_Lys_1457_Asn,0,0,0
6MSM_Lys_1461_Glu,0,0,0
6MSM_Ile_1464_Thr,0,0,0
6MSM_Ala_1466_Ser,0,0,0
6MSM_Val_1475_Met,0,0,0
6MSM_Val_1475_Leu,0,0,0
6MSM_Thr_1478_Arg,0,0,0
6MSM_Thr_1478_Ile,0,0,0
6MSM_Arg_1479_Lys,0,0,0
6MSM_Leu_1480_Pro,0,0,0
6MSM_Ter_1481_Tyr,0,0,0
6O1V_Met_1_?,0,0,0
6O1V_Arg_3_Met,0,1,1
6O1V_Ser_4_Leu,0,10,10
6O1V_Ser_4_Ala,0,0,0
6O1V_Pro_5_Leu,11,7,-4
6O1V_Leu_6_Arg,5,49,44
6O1V_Glu_7_Gln,7,4,-3
6O1V_Ala_9_Val,1,8,7
6O1V_Ser_10_Arg,1,0,-1
6O1V_Ser_10_Asn,0,0,0
6O1V_Val_11_Ile,0,0,0
6O1V_Val_11_Leu,0,0,0
6O1V_Val_11_Ala,0,0,0
6O1V_Val_12_Ala,4,4,0
6O1V_Lys_14_Ile,2,1,-1
6O1V_Lys_14_Arg,0,0,0
6O1V_Lys_14_Glu,0,0,0
6O1V_Leu_15_Phe,5,10,5
6O1V_Leu_15_Val,0,0,0
6O1V_Phe_17_Leu,8,3,-5
6O1V_Ser_18_Gly,2,0,-2
6O1V_Thr_20_Ser,7,0,-7
6O1V_Arg_21_Ile,9,3,-6
6O1V_Leu_24_Val,8,6,-2
6O1V_Lys_26_Glu,8,13,5
6O1V_Tyr_28_His,4,3,-1
6O1V_Arg_29_Thr,4,4,0
6O1V_Arg_31_Cys,0,0,0
6O1V_Arg_31_His,0,0,0
6O1V_Arg_31_Leu,0,0,0
6O1V_Leu_32_Met,4,9,5
6O1V_Leu_32_Pro,0,0,0
6O1V_Ser_35_Leu,0,0,0
6O1V_Ile_37_Val,2,0,-2
6O1V_Tyr_38_His,8,11,3
6O1V_Tyr_38_Asn,0,0,0
6O1V_Tyr_38_Cys,0,0,0
6O1V_Gln_39_His,0,2,2
6O1V_Ser_42_Phe,0,0,0
6O1V_Val_43_Ile,0,0,0
6O1V_Val_43_Ala,0,0,0
6O1V_Val_43_Leu,0,0,0
6O1V_Asp_44_Val,6,9,3
6O1V_Ala_46_Val,4,19,15
6O1V_Asn_48_Lys,1,0,-1
6O1V_Leu_49_Pro,8,1,-7
6O1V_Lys_52_Ile,3,3,0
6O1V_Glu_54_Gly,2,0,-2
6O1V_Glu_56_Lys,3,6,3
6O1V_Trp_57_Arg,9,32,23
6O1V_Asp_58_His,0,6,6
6O1V_Asp_58_Gly,0,0,0
6O1V_Asp_58_Val,0,0,0
6O1V_Glu_60_Asp,8,10,2
6O1V_Lys_64_Glu,3,10,7
6O1V_Lys_65_Arg,0,0,0
6O1V_Pro_67_Leu,4,11,7
6O1V_Lys_68_Glu,2,2,0
6O1V_Lys_68_Asn,0,0,0
6O1V_Ala_72_Thr,0,6,6
6O1V_Leu_73_Phe,6,26,20
6O1V_Arg_74_Trp,1,11,10
6O1V_Arg_74_Gln,0,0,0
6O1V_Arg_75_Gln,8,5,-3
6O1V_Arg_75_Leu,0,0,0
6O1V_Cys_76_Trp,3,36,33
6O1V_Cys_76_Arg,0,0,0
6O1V_Phe_78_Tyr,6,8,2
6O1V_Phe_78_Leu,0,0,0
6O1V_Trp_79_Arg,0,0,0
6O1V_Phe_81_Leu,10,5,-5
6O1V_Phe_83_Leu,2,0,-2
6O1V_Tyr_84_His,3,3,0
6O1V_Tyr_84_Cys,0,0,0
6O1V_Gly_85_Glu,0,41,41
6O1V_Ile_86_Val,3,0,-3
6O1V_Phe_87_Ser,7,1,-6
6O1V_Leu_88_Phe,4,22,18
6O1V_Leu_88_Ser,0,0,0
6O1V_Tyr_89_Cys,14,8,-6
6O1V_Gly_91_Arg,0,29,29
6O1V_Thr_94_Ile,6,7,1
6O1V_Thr_94_Pro,0,0,0
6O1V_Val_97_Ala,1,0,-1
6O1V_Gln_98_Arg,0,29,29
6O1V_Pro_99_Leu,2,8,6
6O1V_Leu_102_Arg,2,42,40
6O1V_Arg_104_Gly,7,0,-7
6O1V_Ile_105_Val,8,5,-3
6O1V_Tyr_109_Asn,5,1,-4
6O1V_Asp_110_His,14,26,12
6O1V_Asp_110_Glu,0,0,0
6O1V_Asp_110_Tyr,0,0,0
6O1V_Pro_111_Leu,8,9,1
6O1V_Asp_112_Gly,14,0,-14
6O1V_Asp_112_Asn,0,0,0
6O1V_Glu_116_Gln,8,9,1
6O1V_Glu_116_Gly,0,0,0
6O1V_Glu_116_Ala,0,0,0
6O1V_Arg_117_His,0,0,0
6O1V_Arg_117_Cys,0,0,0
6O1V_Arg_117_Gly,0,0,0
6O1V_Arg_117_Leu,0,0,0
6O1V_Arg_117_Ser,0,0,0
6O1V_Ser_118_Phe,0,0,0
6O1V_Ser_118_Cys,0,0,0
6O1V_Ile_119_Val,2,1,-1
6O1V_Ala_120_Thr,2,9,7
6O1V_Ala_120_Ser,0,0,0
6O1V_Ile_121_Phe,9,8,-1
6O1V_Tyr_122_Cys,9,2,-7
6O1V_Ile_125_Thr,2,0,-2
6O1V_Gly_126_Asp,0,1,1
6O1V_Gly_126_Ser,0,0,0
6O1V_Gly_126_Val,0,0,0
6O1V_Leu_130_Val,5,2,-3
6O1V_Phe_131_Leu,11,12,1
6O1V_Ile_132_Val,1,1,0
6O1V_Ile_132_Thr,0,0,0
6O1V_Gly_134_Ala,11,1,-10
6O1V_Thr_135_Ser,5,3,-2
6O1V_Leu_138_Pro,5,3,-2
6O1V_Ser_138_Asn,0,0,0
6O1V_His_139_Pro,4,5,1
6O1V_His_139_Tyr,0,0,0
6O1V_Pro_140_Ser,2,0,-2
6O1V_Pro_140_Arg,0,0,0
6O1V_Ala_141_Thr,1,5,4
6O1V_Met_142_Thr,10,10,0
6O1V_Glu_144_Lys,0,46,46
6O1V_Glu_144_Asp,0,0,0
6O1V_His_147_Gln,6,16,10
6O1V_His_147_Asn,0,0,0
6O1V_Ile_148_Thr,5,2,-3
6O1V_Gly_149_Glu,0,17,17
6O1V_Met_150_Ile,6,6,0
6O1V_Gln_151_Lys,10,16,6
6O1V_Gln_151_Arg,0,0,0
6O1V_Gln_151_Pro,0,0,0
6O1V_Met_152_Leu,9,13,4
6O1V_Gly_152_Arg,0,0,0
6O1V_Met_152_Ile,0,0,0
6O1V_Arg_153_Lys,9,23,14
6O1V_Ile_154_Thr,6,2,-4
6O1V_Tyr_155_Asn,2,14,12
6O1V_Met_156_Val,3,5,2
6O1V_Ser_158_Asn,5,14,9
6O1V_Ser_158_Thr,0,0,0
6O1V_Ser_158_Cys,0,0,0
6O1V_Leu_159_Ser,6,0,-6
6O1V_Ile_160_Val,3,1,-2
6O1V_Tyr_161_Cys,19,8,-11
6O1V_Thr_164_Ala,0,0,0
6O1V_Arg_170_His,1,17,16
6O1V_Arg_170_Cys,0,0,0
6O1V_Arg_170_Ser,0,0,0
6O1V_Val_171_Ile,6,10,4
6O1V_Leu_172_Ile,2,2,0
6O1V_Ser_176_Thr,2,2,0
6O1V_Ser_176_Asn,0,0,0
6O1V_Ser_176_Arg,0,0,0
6O1V_Ile_177_Phe,4,18,14
6O1V_Ile_177_Thr,0,0,0
6O1V_Ile_177_Met,0,0,0
6O1V_Ile_177_Val,0,0,0
6O1V_Gly_178_Arg,0,30,30
6O1V_Gly_178_Glu,0,0,0
6O1V_Gln_179_Lys,1,9,8
6O1V_Leu_180_Val,4,4,0
6O1V_Leu_183_Ile,2,0,-2
6O1V_Arg_183_Lys,0,0,0
6O1V_Glu_185_Val,2,9,7
6O1V_His_186_Gln,0,0,0
6O1V_Asn_187_Lys,2,9,7
6O1V_Cys_187_Ser,0,0,0
6O1V_Cys_187_Gly,0,0,0
6O1V_Leu_188_Phe,4,25,21
6O1V_Leu_188_Pro,0,0,0
6O1V_Cys_190_Ser,2,0,-2
6O1V_Phe_191_Val,4,2,-2
6O1V_Glu_193_Gly,0,0,0
6O1V_Glu_193_Lys,0,0,0
6O1V_Gly_194_Val,0,5,5
6O1V_Ala_196_Val,2,11,9
6O1V_Ala_198_Val,0,8,8
6O1V_Ala_198_Pro,0,0,0
6O1V_His_199_Arg,11,14,3
6O1V_Phe_200_Leu,9,10,1
6O1V_Phe_200_Ile,0,0,0
6O1V_Val_201_Met,3,14,11
6O1V_Ala_204_Thr,0,2,2
6O1V_Ala_204_Ser,0,0,0
6O1V_Pro_205_Ser,0,0,0
6O1V_Pro_205_Leu,0,0,0
6O1V_Leu_206_Trp,5,47,42
6O1V_Gln_207_His,3,15,12
6O1V_Val_208_Ala,5,1,-4
6O1V_Ala_209_Ser,1,2,1
6O1V_Leu_210_Phe,2,8,6
6O1V_Met_212_Val,9,2,-7
6O1V_Gly_213_Glu,0,56,56
6O1V_Leu_214_Val,6,5,-1
6O1V_Trp_216_Arg,14,37,23
6O1V_Glu_217_Gly,6,0,-6
6O1V_Glu_217_Lys,0,0,0
6O1V_Gln_220_Pro,2,2,0
6O1V_Ala_221_Val,0,0,0
6O1V_Phe_224_Leu,7,1,-6
6O1V_Cys_225_Tyr,0,6,6
6O1V_Gly_226_Glu,0,11,11
6O1V_Gly_226_Val,0,0,0
6O1V_Phe_229_Tyr,3,4,1
6O1V_Val_232_Asp,0,0,0
6O1V_Leu_233_Val,7,2,-5
6O1V_Ala_234_Ser,0,1,1
6O1V_Phe_236_Ser,4,0,-4
6O1V_Gln_237_Glu,4,7,3
6O1V_Gly_239_Arg,0,0,0
6O1V_Gly_241_Arg,0,23,23
6O1V_Arg_242_Lys,0,0,0
6O1V_Met_243_Thr,2,3,1
6O1V_Met_243_Val,0,0,0
6O1V_Met_244_Val,1,4,3
6O1V_Met_244_Ile,0,0,0
6O1V_Arg_248_Thr,7,0,-7
6O1V_Arg_248_Lys,0,0,0
6O1V_Ala_252_Pro,0,0,0
6O1V_Ala_252_Ser,0,0,0
6O1V_Gly_253_Glu,0,0,0
6O1V_Gly_253_Arg,0,0,0
6O1V_Ile_255_Asn,3,5,2
6O1V_Ile_255_Val,0,0,0
6O1V_Ser_256_Gly,0,0,0
6O1V_Ser_256_Asn,0,0,0
6O1V_Glu_257_Ala,3,1,-2
6O1V_Arg_258_Gly,5,0,-5
6O1V_Arg_258_Ile,0,0,0
6O1V_Leu_259_Phe,4,23,19
6O1V_Leu_259_Val,0,0,0
6O1V_Val_260_Gly,3,0,-3
6O1V_Val_260_Met,0,0,0
6O1V_Val_260_Ala,0,0,0
6O1V_Met_265_Arg,7,35,28
6O1V_Ile_269_Thr,5,2,-3
6O1V_Val_272_Ala,1,0,-1
6O1V_Lys_273_Gln,7,6,-1
6O1V_Lys_273_Met,0,0,0
6O1V_Cys_276_Phe,3,15,12
6O1V_Glu_279_Asp,1,1,0
6O1V_Ala_280_Ser,4,6,2
6O1V_Met_281_Thr,6,5,-1
6O1V_Met_281_Val,0,0,0
6O1V_Glu_282_Asp,5,4,-1
6O1V_Lys_283_Arg,0,0,0
6O1V_Ile_285_Phe,6,31,25
6O1V_Ile_285_Thr,0,0,0
6O1V_Asn_287_Lys,0,0,0
6O1V_Asn_287_Ser,0,0,0
6O1V_Asn_287_Tyr,0,0,0
6O1V_Gln_290_Arg,0,3,3
6O1V_Thr_291_Arg,2,27,25
6O1V_Thr_291_Ile,0,0,0
6O1V_Thr_291_Ala,0,0,0
6O1V_Leu_293_Met,6,5,-1
6O1V_Arg_297_Gln,9,4,-5
6O1V_Arg_297_Trp,0,0,0
6O1V_Ala_299_Thr,1,4,3
6O1V_Ala_300_Gly,2,0,-2
6O1V_Tyr_301_Cys,5,1,-4
6O1V_Phe_305_Val,4,7,3
6O1V_Asn_306_Ser,1,2,1
6O1V_Ala_309_Gly,3,0,-3
6O1V_Ala_309_Thr,0,0,0
6O1V_Phe_310_Leu,10,21,11
6O1V_Gly_314_Glu,0,27,27
6O1V_Phe_315_Ser,2,2,0
6O1V_Phe_316_Leu,2,3,1
6O1V_Val_317_Gly,4,0,-4
6O1V_Leu_320_Val,1,0,-1
6O1V_Leu_320_Phe,0,0,0
6O1V_Ser_321_Pro,1,1,0
6O1V_Val_322_Met,1,8,7
6O1V_Tyr_325_Cys,5,5,0
6O1V_Leu_327_Arg,0,5,5
6O1V_Ile_331_Asn,6,3,-3
6O1V_Leu_333_Phe,7,29,22
6O1V_Arg_334_Gln,9,16,7
6O1V_Arg_334_Trp,0,0,0
6O1V_Arg_334_Leu,0,0,0
6O1V_Ile_336_Lys,3,3,0
6O1V_Ile_336_Thr,0,0,0
6O1V_Phe_337_Val,8,6,-2
6O1V_Thr_338_Ile,6,9,3
6O1V_Thr_338_Ala,0,0,0
6O1V_Ile_340_Val,3,0,-3
6O1V_Cys_343_Phe,3,29,26
6O1V_Ile_344_Val,3,3,0
6O1V_Arg_347_His,11,33,22
6O1V_Arg_347_Pro,0,0,0
6O1V_Arg_347_Cys,0,0,0
6O1V_Arg_347_Ser,0,0,0
6O1V_Met_348_Lys,2,5,3
6O1V_Met_348_Val,0,0,0
6O1V_Ala_349_Val,0,8,8
6O1V_Thr_351_Ser,3,3,0
6O1V_Thr_351_Ile,0,0,0
6O1V_Arg_352_Trp,10,40,30
6O1V_Arg_352_Gln,0,0,0
6O1V_Gln_353_His,8,8,0
6O1V_Pro_355_Leu,3,13,10
6O1V_Thr_360_Ile,0,4,4
6O1V_Trp_361_Arg,3,13,10
6O1V_Asn_369_Ser,0,0,0
6O1V_Lys_370_Glu,0,0,0
6O1V_Ile_371_Met,5,9,4
6O1V_Ile_371_Thr,0,0,0
6O1V_Asp_373_Asn,0,0,0
6O1V_Asp_373_Tyr,0,0,0
6O1V_Asp_373_Val,0,0,0
6O1V_Leu_375_Phe,5,12,7
6O1V_Gln_378_Arg,1,7,6
6O1V_Glu_379_Asp,2,3,1
6O1V_Tyr_380_Cys,5,1,-4
6O1V_Thr_382_Pro,1,0,-1
6O1V_Glu_384_Asp,1,0,-1
6O1V_Leu_387_Ser,0,0,0
6O1V_Thr_388_Met,1,5,4
6O1V_Thr_389_Ser,1,1,0
6O1V_Thr_390_Ile,4,7,3
6O1V_Thr_390_Ala,0,0,0
6O1V_Met_394_Thr,14,10,-4
6O1V_Asn_396_Tyr,0,1,1
6O1V_Asn_396_Thr,0,0,0
6O1V_Ala_399_Val,1,10,9
6O1V_Ala_399_Gly,0,0,0
6O1V_Phe_400_Ser,15,0,-15
6O1V_Trp_401_Cys,22,5,-17
6O1V_Trp_401_Leu,0,0,0
6O1V_Gly_404_Arg,0,11,11
6O1V_Gly_404_Val,0,0,0
6O1V_Gly_404_Ala,0,0,0
6O1V_Gly_406_Glu,0,8,8
6O1V_Glu_407_Lys,0,8,8
6O1V_Glu_407_Val,0,0,0
6O1V_Phe_409_Ile,6,13,7
6O1V_Lys_411_Glu,0,0,0
6O1V_Ala_412_Ser,0,0,0
6O1V_Gln_414_Pro,0,0,0
6O1V_Asn_416_Ser,0,0,0
6O1V_Asn_416_Asp,0,0,0
6O1V_Asn_418_Ser,0,0,0
6O1V_Asn_423_Lys,0,0,0
6O1V_Gly_424_Ser,0,0,0
6O1V_Leu_428_Ile,0,0,0
6O1V_Ser_431_Gly,0,0,0
6O1V_Leu_435_Pro,0,0,0
6O1V_Gly_437_Asp,0,10,10
6O1V_Thr_438_Ala,1,0,-1
6O1V_Pro_439_Thr,11,13,2
6O1V_Val_440_Ala,7,0,-7
6O1V_Leu_441_Pro,4,5,1
6O1V_Asp_443_Tyr,0,1,1
6O1V_Asp_443_Glu,0,0,0
6O1V_Ile_444_Thr,6,1,-5
6O1V_Ile_444_Val,0,0,0
6O1V_Lys_447_Arg,1,13,12
6O1V_Ile_448_Thr,14,4,-10
6O1V_Glu_449_Gly,4,0,-4
6O1V_Arg_450_Ile,3,8,5
6O1V_Gly_451_Arg,0,7,7
6O1V_Gln_452_Arg,3,30,27
6O1V_Ala_455_Val,4,11,7
6O1V_Ala_455_Glu,0,0,0
6O1V_Val_456_Ala,5,0,-5
6O1V_Ser_459_Phe,0,17,17
6O1V_Ala_462_Val,1,6,5
6O1V_Thr_465_Asn,9,17,8
6O1V_Ser_466_Leu,4,28,24
6O1V_Leu_467_Phe,5,19,14
6O1V_Leu_467_Pro,0,0,0
6O1V_Met_469_Ile,7,6,-1
6O1V_Met_469_Val,0,0,0
6O1V_Val_470_Met,6,12,6
6O1V_Ile_471_Val,7,5,-2
6O1V_Glu_474_Gln,9,19,10
6O1V_Pro_477_Ser,1,2,1
6O1V_Pro_477_Thr,0,0,0
6O1V_Glu_479_Asp,1,1,0
6O1V_Glu_479_Gly,0,0,0
6O1V_Gly_480_Cys,0,8,8
6O1V_His_484_Tyr,2,3,1
6O1V_Ser_485_Cys,5,4,-1
6O1V_Ser_485_Thr,0,0,0
6O1V_Arg_487_Lys,1,9,8
6O1V_Phe_490_Cys,11,4,-7
6O1V_Cys_491_Phe,2,19,17
6O1V_Ser_492_Phe,2,34,32
6O1V_Gln_493_Arg,12,42,30
6O1V_Ser_495_Phe,3,11,8
6O1V_Met_498_Thr,4,9,5
6O1V_Pro_499_Ala,2,0,-2
6O1V_Pro_499_Ser,0,0,0
6O1V_Gly_500_Asp,0,22,22
6O1V_Gly_500_Ser,0,0,0
6O1V_Ile_502_Thr,3,1,-2
6O1V_Ile_502_Val,0,0,0
6O1V_Ile_506_Val,6,3,-3
6O1V_Ile_506_Thr,0,0,0
6O1V_Ile_506_Leu,0,0,0
6O1V_Ile_507_Val,3,10,7
6O1V_Phe_508_Cys,12,5,-7
6O1V_Phe_508_Val,0,0,0
6O1V_Phe_508_Leu,0,0,0
6O1V_Val_510_Ile,2,5,3
6O1V_Asp_513_Gly,2,0,-2
6O1V_Asp_513_Tyr,0,0,0
6O1V_Tyr_515_His,0,0,0
6O1V_Ser_519_Asn,0,4,4
6O1V_Val_520_Ile,2,7,5
6O1V_Val_520_Phe,0,0,0
6O1V_Ile_521_Leu,8,6,-2
6O1V_Ile_521_Phe,0,0,0
6O1V_Cys_524_Arg,1,16,15
6O1V_Glu_527_Gly,3,0,-3
6O1V_Glu_527_Gln,0,0,0
6O1V_Glu_528_Lys,1,16,15
6O1V_Ile_530_Met,3,5,2
6O1V_Ile_530_Asn,0,0,0
6O1V_Lys_532_Asn,0,0,0
6O1V_Ala_534_Glu,0,4,4
6O1V_Ala_534_Ser,0,0,0
6O1V_Lys_536_Glu,0,1,1
6O1V_Asn_538_Lys,2,11,9
6O1V_Asn_538_Tyr,0,0,0
6O1V_Ile_539_Thr,5,1,-4
6O1V_Val_540_Ile,0,0,0
6O1V_Val_540_Ala,0,0,0
6O1V_Gly_542_Glu,0,0,0
6O1V_Gly_542_Arg,0,0,0
6O1V_Gly_544_Ser,0,2,2
6O1V_Ile_546_Phe,2,11,9
6O1V_Thr_547_Ile,0,0,0
6O1V_Thr_547_Ala,0,0,0
6O1V_Leu_548_Pro,11,5,-6
6O1V_Ser_549_Asn,8,16,8
6O1V_Ser_549_Arg,0,0,0
6O1V_Gly_551_Asp,0,21,21
6O1V_Gly_551_Ser,0,0,0
6O1V_Arg_553_Gln,5,4,-1
6O1V_Arg_553_Pro,0,0,0
6O1V_Ile_556_Val,5,5,0
6O1V_Ser_557_Thr,2,4,2
6O1V_Leu_558_Ser,4,1,-3
6O1V_Ala_559_Thr,4,11,7
6O1V_Ala_559_Ser,0,0,0
6O1V_Arg_560_Thr,9,3,-6
6O1V_Arg_560_Ser,0,0,0
6O1V_Ala_561_Glu,2,11,9
6O1V_Ala_561_Ser,0,0,0
6O1V_Val_562_Ile,7,11,4
6O1V_Val_562_Leu,0,0,0
6O1V_Tyr_563_Asn,10,10,0
6O1V_Lys_564_Arg,4,32,28
6O1V_Lys_564_Glu,0,0,0
6O1V_Asp_565_His,1,21,20
6O1V_Asp_565_Tyr,0,0,0
6O1V_Ala_566_Asp,1,7,6
6O1V_Asp_567_Asn,5,5,0
6O1V_Tyr_569_Asp,6,9,3
6O1V_Asp_572_Glu,6,15,9
6O1V_Ser_573_Phe,3,22,19
6O1V_Ser_573_Cys,0,0,0
6O1V_Pro_574_His,4,30,26
6O1V_Phe_575_Tyr,10,16,6
6O1V_Phe_575_Ile,0,0,0
6O1V_Gly_576_Ala,0,5,5
6O1V_Gly_576_Val,0,0,0
6O1V_Tyr_577_Cys,2,0,-2
6O1V_Tyr_577_Phe,0,0,0
6O1V_Asp_579_Gly,6,0,-6
6O1V_Thr_582_Ser,5,2,-3
6O1V_Glu_583_Gly,6,0,-6
6O1V_Glu_585_Lys,5,7,2
6O1V_Phe_587_Val,12,9,-3
6O1V_Phe_587_Ile,0,0,0
6O1V_Glu_588_Lys,4,6,2
6O1V_Glu_588_Gly,0,0,0
6O1V_Glu_588_Ala,0,0,0
6O1V_Ser_589_Thr,0,0,0
6O1V_Cys_592_Tyr,2,30,28
6O1V_Met_595_Val,8,2,-6
6O1V_Met_595_Leu,0,0,0
6O1V_Asn_597_Lys,0,0,0
6O1V_Thr_599_Ser,6,3,-3
6O1V_Ile_601_Val,10,8,-2
6O1V_Ile_601_Phe,0,0,0
6O1V_Val_603_Ile,4,9,5
6O1V_Ser_605_Pro,0,0,0
6O1V_Leu_610_Ile,8,8,0
6O1V_Leu_610_Phe,0,0,0
6O1V_Asp_614_Gly,0,0,0
6O1V_Ile_616_Val,9,4,-5
6O1V_Leu_617_Phe,4,29,25
6O1V_Ile_618_Thr,4,0,-4
6O1V_His_620_Arg,2,1,-1
6O1V_His_620_Leu,0,0,0
6O1V_Gly_622_Asp,0,3,3
6O1V_Tyr_625_Asn,0,6,6
6O1V_Phe_626_Leu,10,8,-2
6O1V_Tyr_627_Cys,4,0,-4
6O1V_Gly_628_Arg,0,46,46
6O1V_Thr_629_Ala,3,0,-3
6O1V_Leu_633_Ile,8,13,5
6O1V_Asn_635_Thr,0,0,0
6O1V_Leu_636_Pro,2,1,-1
6O1V_Pro_638_Ser,0,0,0
6O1V_Ser_641_Gly,0,0,0
6O1V_Met_645_Thr,0,0,0
6O1V_Met_645_Lys,0,0,0
6O1V_Asp_648_Asn,0,0,0
6O1V_Phe_650_Leu,0,0,0
6O1V_Asp_651_Asn,0,0,0
6O1V_Gln_652_Glu,0,0,0
6O1V_Gln_652_Lys,0,0,0
6O1V_Phe_653_Val,0,0,0
6O1V_Ser_654_Gly,0,0,0
6O1V_Glu_656_Gln,0,0,0
6O1V_Ile_661_Met,0,0,0
6O1V_Ile_661_Val,0,0,0
6O1V_Ile_661_Thr,0,0,0
6O1V_His_667_Tyr,0,0,0
6O1V_Arg_668_Cys,0,0,0
6O1V_Arg_668_His,0,0,0
6O1V_Glu_672_Lys,0,0,0
6O1V_Asp_674_Gly,0,0,0
6O1V_Asp_674_Val,0,0,0
6O1V_Ala_675_Val,0,0,0
6O1V_Pro_676_Ala,0,0,0
6O1V_Pro_676_Ser,0,0,0
6O1V_Glu_681_Val,0,0,0
6O1V_Lys_684_Thr,0,0,0
6O1V_Ser_686_Tyr,0,0,0
6O1V_Ser_686_Thr,0,0,0
6O1V_Lys_688_Gln,0,0,0
6O1V_Thr_690_Ala,0,0,0
6O1V_Gly_691_Arg,0,0,0
6O1V_Phe_693_Leu,0,0,0
6O1V_Glu_695_Gly,0,0,0
6O1V_Asn_699_Lys,0,0,0
6O1V_Asn_703_Ile,0,0,0
6O1V_Pro_704_Leu,0,0,0
6O1V_Pro_704_Arg,0,0,0
6O1V_Ile_705_Val,0,0,0
6O1V_Ser_707_Cys,0,0,0
6O1V_Ile_708_Thr,0,0,0
6O1V_Arg_709_Gln,0,0,0
6O1V_Val_714_Leu,0,0,0
6O1V_Gln_715_His,0,0,0
6O1V_Pro_718_Arg,0,0,0
6O1V_Gln_720_Arg,0,0,0
6O1V_Gly_723_Val,0,0,0
6O1V_Glu_725_Lys,0,0,0
6O1V_Asp_727_Ala,0,0,0
6O1V_Pro_731_Leu,0,0,0
6O1V_Ser_737_Phe,0,0,0
6O1V_Ser_737_Thr,0,0,0
6O1V_Pro_740_Leu,0,0,0
6O1V_Gln_744_Pro,0,0,0
6O1V_Ala_747_Val,0,0,0
6O1V_Pro_750_Leu,0,0,0
6O1V_Arg_751_Cys,0,0,0
6O1V_Arg_751_His,0,0,0
6O1V_Arg_751_Leu,0,0,0
6O1V_Ile_752_Ser,0,0,0
6O1V_Ser_753_Gly,0,0,0
6O1V_Ser_753_Asn,0,0,0
6O1V_Val_754_Met,0,0,0
6O1V_Ile_755_Phe,0,0,0
6O1V_Ser_756_Cys,0,0,0
6O1V_Thr_757_Ser,0,0,0
6O1V_Thr_760_Met,0,0,0
6O1V_Thr_760_Arg,0,0,0
6O1V_Arg_764_Gln,0,0,0
6O1V_Arg_765_Lys,0,0,0
6O1V_Arg_766_Lys,0,0,0
6O1V_Gln_767_His,0,0,0
6O1V_Ser_768_Phe,0,0,0
6O1V_Val_769_Ile,0,0,0
6O1V_His_775_Tyr,0,0,0
6O1V_His_775_Arg,0,0,0
6O1V_Ser_776_Leu,0,0,0
6O1V_Gln_781_His,0,0,0
6O1V_Ile_783_Val,0,0,0
6O1V_Arg_785_Gln,0,0,0
6O1V_Arg_785_Pro,0,0,0
6O1V_Lys_786_Asn,0,0,0
6O1V_Arg_792_Gly,0,0,0
6O1V_Arg_792_Gln,0,0,0
6O1V_Val_794_Leu,0,0,0
6O1V_Leu_796_Pro,0,0,0
6O1V_Pro_798_Ser,0,0,0
6O1V_Gln_799_Lys,0,0,0
6O1V_Ala_800_Ser,0,0,0
6O1V_Ala_800_Val,0,0,0
6O1V_Asn_801_Tyr,0,0,0
6O1V_Leu_802_Phe,0,0,0
6O1V_Asp_806_Gly,0,0,0
6O1V_Ile_807_Met,0,0,0
6O1V_Arg_810_Gly,0,0,0
6O1V_Arg_811_Ser,0,0,0
6O1V_Gly_817_Val,0,0,0
6O1V_Ser_821_Asn,0,0,0
6O1V_Glu_823_Asp,0,0,0
6O1V_Glu_826_Lys,0,0,0
6O1V_Glu_826_Asp,0,0,0
6O1V_Asp_828_Asn,0,0,0
6O1V_Asp_828_Glu,0,0,0
6O1V_Cys_832_Tyr,0,0,0
6O1V_Cys_832_Gly,0,0,0
6O1V_Phe_834_Leu,0,0,0
6O1V_Asp_836_Tyr,0,0,0
6O1V_Met_837_Thr,0,0,0
6O1V_Asn_847_Ser,4,0,-4
6O1V_Tyr_849_Cys,13,0,-13
6O1V_Arg_851_Gln,11,4,-7
6O1V_Ile_853_Val,0,1,1
6O1V_Ile_853_Phe,0,0,0
6O1V_Thr_854_Ile,0,1,1
6O1V_Val_855_Ile,4,9,5
6O1V_Lys_857_Asn,0,0,0
6O1V_Leu_859_Phe,7,19,12
6O1V_Val_862_Leu,3,8,5
6O1V_Cys_866_Tyr,3,35,32
6O1V_Glu_873_Val,1,1,0
6O1V_Val_874_Leu,4,13,9
6O1V_Ala_876_Val,0,0,0
6O1V_Ser_877_Ala,4,3,-1
6O1V_Thr_887_Pro,2,0,-2
6O1V_Thr_887_Asn,0,0,0
6O1V_Pro_888_His,1,1,0
6O1V_Leu_889_Phe,1,3,2
6O1V_Leu_889_Val,0,0,0
6O1V_Gln_890_Arg,0,0,0
6O1V_Asp_891_Gly,0,0,0
6O1V_Asp_891_Asn,0,0,0
6O1V_Asn_894_Lys,0,0,0
6O1V_Asn_894_Ser,0,0,0
6O1V_Ser_895_Asn,0,0,0
6O1V_Ser_895_Thr,0,0,0
6O1V_Thr_896_Ile,0,0,0
6O1V_His_897_Tyr,0,0,0
6O1V_Ser_898_Arg,0,0,0
6O1V_Asn_901_Ile,0,1,1
6O1V_Tyr_903_Cys,0,0,0
6O1V_Val_905_Leu,0,0,0
6O1V_Ile_907_Ser,3,0,-3
6O1V_Ile_907_Val,0,0,0
6O1V_Thr_908_Asn,0,0,0
6O1V_Thr_910_Ser,8,3,-5
6O1V_Ser_911_Asn,0,10,10
6O1V_Ser_912_Leu,0,1,1
6O1V_Tyr_913_Cys,12,8,-4
6O1V_Val_915_Leu,1,4,3
6O1V_Ile_918_Val,1,0,-1
6O1V_Tyr_919_Cys,12,4,-8
6O1V_Val_920_Met,2,12,10
6O1V_Val_920_Leu,0,0,0
6O1V_Gly_921_Arg,0,43,43
6O1V_Val_922_Gly,1,0,-1
6O1V_Asp_924_Asn,7,1,-6
6O1V_Thr_925_Asn,4,5,1
6O1V_Leu_926_Phe,2,13,11
6O1V_Leu_926_Ser,0,0,0
6O1V_Gly_934_Ser,0,13,13
6O1V_Pro_936_Thr,1,2,1
6O1V_Pro_936_Leu,0,0,0
6O1V_Val_938_Leu,2,3,1
6O1V_Val_938_Gly,0,0,0
6O1V_Val_938_Met,0,0,0
6O1V_His_939_Asp,5,8,3
6O1V_His_939_Gln,0,0,0
6O1V_Val_944_Ala,5,0,-5
6O1V_Ser_945_Leu,5,11,6
6O1V_Lys_946_Glu,3,17,14
6O1V_Lys_946_Gln,0,0,0
6O1V_Leu_948_Phe,8,23,15
6O1V_His_949_Leu,11,17,6
6O1V_His_949_Tyr,0,0,0
6O1V_His_950_Arg,0,1,1
6O1V_Lys_951_Glu,2,0,-2
6O1V_Lys_951_Thr,0,0,0
6O1V_Met_952_Thr,8,6,-2
6O1V_Met_952_Ile,0,0,0
6O1V_His_954_Tyr,4,14,10
6O1V_Ala_959_Val,1,8,7
6O1V_Ala_959_Thr,0,0,0
6O1V_Pro_960_Ser,2,1,-1
6O1V_Pro_960_Leu,0,0,0
6O1V_Met_961_Thr,7,1,-6
6O1V_Met_961_Ile,0,0,0
6O1V_Met_961_Val,0,0,0
6O1V_Leu_964_Phe,3,7,4
6O1V_Asn_965_Lys,2,7,5
6O1V_Leu_967_Ser,4,0,-4
6O1V_Gly_970_Asp,0,14,14
6O1V_Phe_976_Ser,6,1,-5
6O1V_Phe_976_Leu,0,0,0
6O1V_Ser_977_Phe,5,23,18
6O1V_Ser_977_Ala,0,0,0
6O1V_Ser_977_Cys,0,0,0
6O1V_Ser_977_Pro,0,0,0
6O1V_Lys_978_Arg,7,31,24
6O1V_Asp_979_Ala,5,1,-4
6O1V_Asp_979_Gly,0,0,0
6O1V_Ile_980_Lys,6,26,20
6O1V_Ile_982_Val,5,1,-4
6O1V_Asp_984_Asn,6,5,-1
6O1V_Asp_985_Asn,2,3,1
6O1V_Asp_985_Glu,0,0,0
6O1V_Leu_986_Pro,2,4,2
6O1V_Thr_990_Asn,5,5,0
6O1V_Thr_990_Ser,0,0,0
6O1V_Ile_991_Val,6,2,-4
6O1V_Ile_991_Met,0,0,0
6O1V_Phe_992_Leu,4,3,-1
6O1V_Asp_993_Gly,3,0,-3
6O1V_Phe_994_Leu,3,5,2
6O1V_Phe_994_Cys,0,0,0
6O1V_Ile_995_Asn,6,1,-5
6O1V_Ile_995_Leu,0,0,0
6O1V_Leu_997_Phe,5,16,11
6O1V_Val_1001_Leu,6,12,6
6O1V_Ile_1002_Phe,1,3,2
6O1V_Gly_1003_Glu,0,39,39
6O1V_Ala_1004_Gly,0,0,0
6O1V_Ile_1005_Arg,6,22,16
6O1V_Ala_1006_Thr,0,1,1
6O1V_Ala_1006_Glu,0,0,0
6O1V_Val_1008_Asp,7,5,-2
6O1V_Ala_1009_Thr,2,8,6
6O1V_Ala_1009_Val,0,0,0
6O1V_Pro_1013_His,2,0,-2
6O1V_Pro_1013_Leu,0,0,0
6O1V_Pro_1013_Arg,0,0,0
6O1V_Tyr_1014_Cys,2,1,-1
6O1V_Phe_1016_Ser,4,2,-2
6O1V_Ala_1018_Thr,0,3,3
6O1V_Pro_1021_Thr,0,0,0
6O1V_Pro_1021_Ser,0,0,0
6O1V_Val_1022_Met,9,19,10
6O1V_Ile_1023_Val,3,1,-2
6O1V_Ile_1023_Arg,0,0,0
6O1V_Ala_1025_Ser,1,1,0
6O1V_Ala_1025_Val,0,0,0
6O1V_Ile_1027_Thr,1,0,-1
6O1V_Met_1028_Val,0,1,1
6O1V_Met_1028_Arg,0,0,0
6O1V_Met_1028_Ile,0,0,0
6O1V_Leu_1029_Met,6,4,-2
6O1V_Ala_1031_Val,0,0,0
6O1V_Tyr_1032_Cys,12,0,-12
6O1V_Thr_1036_Asn,1,2,1
6O1V_Gln_1039_Arg,2,2,0
6O1V_Lys_1041_Gln,3,13,10
6O1V_Glu_1044_Gln,8,11,3
6O1V_Gly_1047_Val,0,9,9
6O1V_Ser_1049_Asn,0,4,4
6O1V_Pro_1050_Ala,2,1,-1
6O1V_Ile_1051_Val,3,2,-1
6O1V_Ile_1051_Phe,0,0,0
6O1V_Phe_1052_Val,4,3,-1
6O1V_Phe_1052_Leu,0,0,0
6O1V_Thr_1053_Ile,0,6,6
6O1V_His_1054_Gln,10,3,-7
6O1V_His_1054_Tyr,0,0,0
6O1V_Thr_1057_Ala,3,0,-3
6O1V_Gly_1061_Arg,0,55,55
6O1V_Leu_1065_Phe,9,24,15
6O1V_Arg_1066_His,13,8,-5
6O1V_Arg_1066_Cys,0,0,0
6O1V_Ala_1067_Val,1,7,6
6O1V_Ala_1067_Thr,0,0,0
6O1V_Gly_1069_Arg,0,1,1
6O1V_Arg_1070_Gln,8,4,-4
6O1V_Arg_1070_Trp,0,0,0
6O1V_Gln_1071_Arg,3,11,8
6O1V_Phe_1074_Leu,9,7,-2
6O1V_Leu_1077_Pro,3,3,0
6O1V_Lys_1080_Arg,0,0,0
6O1V_Lys_1080_Gln,0,0,0
6O1V_Lys_1080_Glu,0,0,0
6O1V_Ala_1081_Gly,2,0,-2
6O1V_His_1085_Pro,7,3,-4
6O1V_Thr_1086_Ser,5,2,-3
6O1V_Thr_1086_Ala,0,0,0
6O1V_Trp_1089_Cys,10,9,-1
6O1V_Phe_1090_Leu,5,13,8
6O1V_Leu_1091_Phe,7,23,16
6O1V_Tyr_1092_His,7,6,-1
6O1V_Tyr_1092_Cys,0,0,0
6O1V_Arg_1097_Cys,8,0,-8
6O1V_Arg_1097_His,0,0,0
6O1V_Arg_1097_Pro,0,0,0
6O1V_Trp_1098_Cys,18,4,-14
6O1V_Phe_1099_Leu,14,28,14
6O1V_Gln_1100_Pro,6,3,-3
6O1V_Met_1101_Lys,6,11,5
6O1V_Met_1101_Ile,0,0,0
6O1V_Arg_1102_Lys,9,31,22
6O1V_Ile_1106_Thr,1,1,0
6O1V_Val_1108_Leu,5,12,7
6O1V_Ile_1109_Val,0,0,0
6O1V_Phe_1111_Leu,12,20,8
6O1V_Val_1114_Leu,5,9,4
6O1V_Phe_1116_Ser,5,1,-4
6O1V_Ile_1117_Thr,2,0,-2
6O1V_Ser_1118_Phe,1,39,38
6O1V_Ser_1118_Cys,0,0,0
6O1V_Gly_1130_Ala,0,8,8
6O1V_Gly_1130_Val,0,0,0
6O1V_Gly_1130_Ser,0,0,0
6O1V_Ile_1131_Val,8,5,-3
6O1V_Ala_1136_Thr,1,6,5
6O1V_Met_1137_Val,11,8,-3
6O1V_Met_1137_Thr,0,0,0
6O1V_Ile_1139_Val,5,3,-2
6O1V_Met_1140_Val,11,8,-3
6O1V_Ala_1146_Val,1,6,5
6O1V_Ala_1146_Asp,0,0,0
6O1V_Val_1147_Glu,1,11,10
6O1V_Asn_1148_Lys,4,5,1
6O1V_Ile_1151_Val,5,2,-3
6O1V_Asp_1152_His,1,1,0
6O1V_Val_1153_Glu,5,14,9
6O1V_Val_1153_Met,0,0,0
6O1V_Asp_1154_Glu,7,14,7
6O1V_Asp_1154_Gly,0,0,0
6O1V_Leu_1156_Phe,6,10,4
6O1V_Met_1157_Ile,13,22,9
6O1V_Arg_1158_Gln,10,12,2
6O1V_Ser_1159_Pro,3,3,0
6O1V_Ser_1159_Phe,0,0,0
6O1V_Arg_1162_Leu,7,1,-6
6O1V_Arg_1162_Gln,0,0,0
6O1V_Val_1163_Gly,3,0,-3
6O1V_Lys_1165_Arg,0,0,0
6O1V_Ile_1167_Val,4,1,-3
6O1V_Asp_1168_Gly,4,0,-4
6O1V_Thr_1171_Ala,0,0,0
6O1V_Glu_1172_Gln,4,9,5
6O1V_Gly_1173_Ser,0,3,3
6O1V_Lys_1174_Thr,0,0,0
6O1V_Lys_1177_Arg,0,0,0
6O1V_Lys_1177_Thr,0,0,0
6O1V_Pro_1181_Gln,0,0,0
6O1V_Tyr_1182_His,0,0,0
6O1V_Lys_1183_Asn,0,0,0
6O1V_Asn_1184_Lys,0,0,0
6O1V_Gln_1186_His,0,0,0
6O1V_Leu_1187_Val,0,0,0
6O1V_Leu_1187_Ile,0,0,0
6O1V_Ser_1188_Pro,0,0,0
6O1V_Ser_1188_Leu,0,0,0
6O1V_Met_1191_Thr,0,0,0
6O1V_His_1197_Leu,0,0,0
6O1V_His_1197_Arg,0,0,0
6O1V_Val_1198_Met,0,0,0
6O1V_Val_1198_Leu,0,0,0
6O1V_Lys_1199_Arg,0,0,0
6O1V_Lys_1200_Gln,0,0,0
6O1V_Asp_1201_Tyr,0,0,0
6O1V_Ile_1203_Phe,0,0,0
6O1V_Ile_1203_Val,0,0,0
6O1V_Gly_1208_Asp,0,13,13
6O1V_Gln_1209_Lys,2,2,0
6O1V_Met_1210_Leu,4,6,2
6O1V_Thr_1216_Ala,0,0,0
6O1V_Ala_1217_Val,3,12,9
6O1V_Tyr_1219_His,33,12,-21
6O1V_Thr_1220_Ile,0,0,0
6O1V_Gly_1223_Arg,0,18,18
6O1V_Asn_1224_Lys,0,2,2
6O1V_Ala_1225_Val,3,10,7
6O1V_Ile_1226_Thr,3,1,-2
6O1V_Leu_1227_Ser,5,2,-3
6O1V_Glu_1228_Gln,3,1,-2
6O1V_Glu_1228_Gly,0,0,0
6O1V_Asn_1229_Lys,0,0,0
6O1V_Ile_1230_Thr,9,5,-4
6O1V_Ile_1230_Val,0,0,0
6O1V_Ile_1234_Val,5,2,-3
6O1V_Ser_1235_Arg,2,2,0
6O1V_Gly_1237_Asp,0,2,2
6O1V_Gln_1238_Lys,12,7,-5
6O1V_Val_1240_Gly,4,0,-4
6O1V_Gly_1241_Asp,0,22,22
6O1V_Leu_1242_Phe,6,24,18
6O1V_Gly_1244_Glu,0,29,29
6O1V_Gly_1244_Val,0,0,0
6O1V_Thr_1246_Ile,6,9,3
6O1V_Thr_1246_Ser,0,0,0
6O1V_Ser_1248_Leu,3,4,1
6O1V_Gly_1249_Glu,0,18,18
6O1V_Gly_1249_Arg,0,0,0
6O1V_Ser_1251_Asn,7,18,11
6O1V_Ser_1251_Arg,0,0,0
6O1V_Leu_1254_Phe,7,18,11
6O1V_Ser_1255_Thr,2,4,2
6O1V_Ser_1255_Leu,0,0,0
6O1V_Ala_1256_Val,0,6,6
6O1V_Phe_1257_Leu,9,19,10
6O1V_Arg_1259_Thr,6,2,-4
6O1V_Thr_1263_Ile,2,7,5
6O1V_Glu_1264_Gly,0,0,0
6O1V_Gln_1268_Arg,3,13,10
6O1V_Ile_1269_Met,9,6,-3
6O1V_Asp_1270_Asn,1,2,1
6O1V_Asp_1270_Gly,0,0,0
6O1V_Val_1272_Glu,2,3,1
6O1V_Val_1272_Gly,0,0,0
6O1V_Ile_1277_Val,5,1,-4
6O1V_Ile_1277_Thr,0,0,0
6O1V_Leu_1279_Trp,5,29,24
6O1V_Gln_1281_Arg,5,4,-1
6O1V_Trp_1282_Cys,13,2,-11
6O1V_Arg_1283_Lys,5,6,1
6O1V_Ala_1285_Val,2,8,6
6O1V_Val_1288_Ala,5,0,-5
6O1V_Ile_1289_Val,8,3,-5
6O1V_Pro_1290_Leu,6,6,0
6O1V_Pro_1290_Thr,0,0,0
6O1V_Gln_1291_His,6,12,6
6O1V_Gln_1291_Arg,0,0,0
6O1V_Val_1293_Ile,4,9,5
6O1V_Val_1293_Leu,0,0,0
6O1V_Thr_1299_Ala,2,1,-1
6O1V_Phe_1300_Leu,2,6,4
6O1V_Asn_1303_Lys,3,16,13
6O1V_Asn_1303_Ile,0,0,0
6O1V_Asn_1303_Tyr,0,0,0
6O1V_Leu_1304_Val,5,4,-1
6O1V_Pro_1306_Ser,4,3,-1
6O1V_Tyr_1307_Asn,5,3,-2
6O1V_Gln_1309_Glu,2,1,-1
6O1V_Trp_1310_Gly,9,0,-9
6O1V_Ser_1311_Arg,1,0,-1
6O1V_Asp_1312_Gly,5,0,-5
6O1V_Gln_1313_Lys,0,0,0
6O1V_Val_1318_Ala,5,0,-5
6O1V_Val_1318_Ile,0,0,0
6O1V_Val_1322_Phe,4,32,28
6O1V_Val_1322_Ile,0,0,0
6O1V_Val_1327_Leu,6,12,6
6O1V_Ile_1328_Thr,3,1,-2
6O1V_Ile_1328_Met,0,0,0
6O1V_Ile_1328_Val,0,0,0
6O1V_Gln_1330_Glu,0,0,0
6O1V_Phe_1331_Leu,3,5,2
6O1V_Phe_1331_Ile,0,0,0
6O1V_Leu_1335_Phe,5,24,19
6O1V_Phe_1337_Val,1,3,2
6O1V_Leu_1339_Pro,2,1,-1
6O1V_Asp_1341_Gly,2,0,-2
6O1V_Gly_1343_Ser,0,7,7
6O1V_Gly_1343_Ala,0,0,0
6O1V_Gly_1343_Asp,0,0,0
6O1V_Cys_1344_Ser,2,0,-2
6O1V_Leu_1346_Gln,4,7,3
6O1V_Ser_1347_Asn,6,15,9
6O1V_Gly_1349_Ser,0,10,10
6O1V_Lys_1351_Asn,2,3,1
6O1V_Gln_1352_His,1,6,5
6O1V_Gln_1352_Glu,0,0,0
6O1V_Met_1354_Thr,6,1,-5
6O1V_Met_1354_Ile,0,0,0
6O1V_Cys_1355_Gly,2,0,-2
6O1V_Cys_1355_Phe,0,0,0
6O1V_Arg_1358_Gly,9,0,-9
6O1V_Ser_1359_Cys,4,5,1
6O1V_Leu_1361_Val,5,6,1
6O1V_Ser_1362_Asn,0,0,0
6O1V_Ser_1362_Thr,0,0,0
6O1V_Lys_1363_Arg,1,1,0
6O1V_Ala_1364_Val,0,0,0
6O1V_Ile_1366_Phe,6,7,1
6O1V_Ile_1366_Thr,0,0,0
6O1V_Ile_1366_Asn,0,0,0
6O1V_Leu_1369_Phe,8,19,11
6O1V_Asp_1370_Gly,6,0,-6
6O1V_Asp_1370_His,0,0,0
6O1V_Pro_1372_Leu,5,11,6
6O1V_His_1375_Asn,10,11,1
6O1V_His_1375_Arg,0,0,0
6O1V_Asp_1377_Asn,4,3,-1
6O1V_Asp_1377_His,0,0,0
6O1V_Pro_1378_Leu,0,2,2
6O1V_Val_1379_Leu,2,1,-1
6O1V_Thr_1380_Ile,3,13,10
6O1V_Tyr_1381_His,13,12,-1
6O1V_Tyr_1381_Ser,0,0,0
6O1V_Tyr_1381_Cys,0,0,0
6O1V_Gln_1382_Lys,2,0,-2
6O1V_Gln_1382_His,0,0,0
6O1V_Arg_1385_Gly,6,0,-6
6O1V_Arg_1386_Gly,2,0,-2
6O1V_Phe_1392_Leu,8,8,0
6O1V_Asp_1394_Gly,0,0,0
6O1V_Asp_1394_His,0,0,0
6O1V_Cys_1395_Phe,2,20,18
6O1V_Thr_1396_Pro,1,2,1
6O1V_Thr_1396_Arg,0,0,0
6O1V_Ile_1398_Ser,9,1,-8
6O1V_Arg_1403_Lys,6,0,-6
6O1V_Arg_1403_Gly,0,0,0
6O1V_Glu_1409_Lys,4,24,20
6O1V_Cys_1410_Trp,2,40,38
6O1V_Cys_1410_Ser,0,0,0
6O1V_Gln_1411_Pro,6,7,1
6O1V_Phe_1413_Leu,9,4,-5
6O1V_Val_1415_Gly,4,0,-4
6O1V_Val_1415_Asp,0,0,0
6O1V_Asn_1419_Lys,0,0,0
6O1V_Val_1421_Leu,4,12,8
6O1V_Val_1421_Met,0,0,0
6O1V_Arg_1422_Trp,3,1,-2
6O1V_Arg_1422_Gln,0,0,0
6O1V_Arg_1422_Pro,0,0,0
6O1V_Ser_1426_Phe,4,7,3
6O1V_Ser_1426_Pro,0,0,0
6O1V_Ser_1426_Tyr,0,0,0
6O1V_Leu_1431_Arg,6,26,20
6O1V_Asn_1432_Lys,0,0,0
6O1V_Glu_1433_Lys,3,5,2
6O1V_Leu_1436_Phe,1,22,21
6O1V_Arg_1438_Trp,0,32,32
6O1V_Ala_1440_Thr,2,7,5
6O1V_Ile_1441_Thr,5,3,-2
6O1V_Ile_1441_Val,0,0,0
6O1V_Ser_1442_Arg,1,11,10
6O1V_Pro_1443_Ser,0,0,0
6O1V_Pro_1443_Ala,0,0,0
6O1V_Ser_1444_Phe,0,8,8
6O1V_Asp_1445_Asn,3,1,-2
6O1V_Phe_1450_Ile,1,1,0
6O1V_Arg_1453_Trp,0,0,0
6O1V_Arg_1453_Gln,0,0,0
6O1V_Ser_1455_Ala,0,0,0
6O1V_Lys_1457_Asn,0,0,0
6O1V_Lys_1461_Glu,0,0,0
6O1V_Ile_1464_Thr,0,0,0
6O1V_Ala_1466_Ser,0,0,0
6O1V_Val_1475_Met,0,0,0
6O1V_Val_1475_Leu,0,0,0
6O1V_Thr_1478_Arg,0,0,0
6O1V_Thr_1478_Ile,0,0,0
6O1V_Arg_1479_Lys,0,0,0
6O1V_Leu_1480_Pro,0,0,0
6O1V_Ter_1481_Tyr,0,0,0
6O2P_Met_1_?,0,0,0
6O2P_Arg_3_Met,0,1,1
6O2P_Ser_4_Leu,1,11,10
6O2P_Ser_4_Ala,0,0,0
6O2P_Pro_5_Leu,9,5,-4
6O2P_Leu_6_Arg,5,45,40
6O2P_Glu_7_Gln,5,6,1
6O2P_Ala_9_Val,1,7,6
6O2P_Ser_10_Arg,0,0,0
6O2P_Ser_10_Asn,0,0,0
6O2P_Val_11_Ile,0,0,0
6O2P_Val_11_Leu,0,0,0
6O2P_Val_11_Ala,0,0,0
6O2P_Val_12_Ala,3,4,1
6O2P_Lys_14_Ile,2,1,-1
6O2P_Lys_14_Arg,0,0,0
6O2P_Lys_14_Glu,0,0,0
6O2P_Leu_15_Phe,8,22,14
6O2P_Leu_15_Val,0,0,0
6O2P_Phe_17_Leu,8,3,-5
6O2P_Ser_18_Gly,2,0,-2
6O2P_Thr_20_Ser,7,0,-7
6O2P_Arg_21_Ile,6,2,-4
6O2P_Leu_24_Val,7,5,-2
6O2P_Lys_26_Glu,5,1,-4
6O2P_Tyr_28_His,5,26,21
6O2P_Arg_29_Thr,3,1,-2
6O2P_Arg_31_Cys,1,0,-1
6O2P_Arg_31_His,0,0,0
6O2P_Arg_31_Leu,0,0,0
6O2P_Leu_32_Met,4,4,0
6O2P_Leu_32_Pro,0,0,0
6O2P_Ser_35_Leu,0,0,0
6O2P_Ile_37_Val,2,0,-2
6O2P_Tyr_38_His,8,9,1
6O2P_Tyr_38_Asn,0,0,0
6O2P_Tyr_38_Cys,0,0,0
6O2P_Gln_39_His,0,15,15
6O2P_Ser_42_Phe,0,3,3
6O2P_Val_43_Ile,0,0,0
6O2P_Val_43_Ala,0,0,0
6O2P_Val_43_Leu,0,0,0
6O2P_Asp_44_Val,6,10,4
6O2P_Ala_46_Val,4,18,14
6O2P_Asn_48_Lys,1,0,-1
6O2P_Leu_49_Pro,8,2,-6
6O2P_Lys_52_Ile,1,1,0
6O2P_Glu_54_Gly,2,0,-2
6O2P_Glu_56_Lys,2,7,5
6O2P_Trp_57_Arg,8,31,23
6O2P_Asp_58_His,0,6,6
6O2P_Asp_58_Gly,0,0,0
6O2P_Asp_58_Val,0,0,0
6O2P_Glu_60_Asp,10,10,0
6O2P_Lys_64_Glu,2,9,7
6O2P_Lys_65_Arg,0,0,0
6O2P_Pro_67_Leu,4,12,8
6O2P_Lys_68_Glu,1,1,0
6O2P_Lys_68_Asn,0,0,0
6O2P_Ala_72_Thr,0,5,5
6O2P_Leu_73_Phe,7,26,19
6O2P_Arg_74_Trp,2,11,9
6O2P_Arg_74_Gln,0,0,0
6O2P_Arg_75_Gln,8,5,-3
6O2P_Arg_75_Leu,0,0,0
6O2P_Cys_76_Trp,2,33,31
6O2P_Cys_76_Arg,0,0,0
6O2P_Phe_78_Tyr,6,9,3
6O2P_Phe_78_Leu,0,0,0
6O2P_Trp_79_Arg,0,0,0
6O2P_Phe_81_Leu,10,3,-7
6O2P_Phe_83_Leu,2,0,-2
6O2P_Tyr_84_His,3,2,-1
6O2P_Tyr_84_Cys,0,0,0
6O2P_Gly_85_Glu,0,39,39
6O2P_Ile_86_Val,2,0,-2
6O2P_Phe_87_Ser,6,1,-5
6O2P_Leu_88_Phe,4,23,19
6O2P_Leu_88_Ser,0,0,0
6O2P_Tyr_89_Cys,11,8,-3
6O2P_Gly_91_Arg,0,29,29
6O2P_Thr_94_Ile,6,6,0
6O2P_Thr_94_Pro,0,0,0
6O2P_Val_97_Ala,1,0,-1
6O2P_Gln_98_Arg,2,27,25
6O2P_Pro_99_Leu,5,11,6
6O2P_Leu_102_Arg,2,9,7
6O2P_Arg_104_Gly,3,0,-3
6O2P_Ile_105_Val,5,3,-2
6O2P_Tyr_109_Asn,3,1,-2
6O2P_Asp_110_His,10,23,13
6O2P_Asp_110_Glu,0,0,0
6O2P_Asp_110_Tyr,0,0,0
6O2P_Pro_111_Leu,6,0,-6
6O2P_Asp_112_Gly,9,0,-9
6O2P_Asp_112_Asn,0,0,0
6O2P_Glu_116_Gln,4,11,7
6O2P_Glu_116_Gly,0,0,0
6O2P_Glu_116_Ala,0,0,0
6O2P_Arg_117_His,1,1,0
6O2P_Arg_117_Cys,0,0,0
6O2P_Arg_117_Gly,0,0,0
6O2P_Arg_117_Leu,0,0,0
6O2P_Arg_117_Ser,0,0,0
6O2P_Ser_118_Phe,0,0,0
6O2P_Ser_118_Cys,0,0,0
6O2P_Ile_119_Val,4,1,-3
6O2P_Ala_120_Thr,1,8,7
6O2P_Ala_120_Ser,0,0,0
6O2P_Ile_121_Phe,5,4,-1
6O2P_Tyr_122_Cys,6,2,-4
6O2P_Ile_125_Thr,2,0,-2
6O2P_Gly_126_Asp,0,1,1
6O2P_Gly_126_Ser,0,0,0
6O2P_Gly_126_Val,0,0,0
6O2P_Leu_130_Val,5,2,-3
6O2P_Phe_131_Leu,12,11,-1
6O2P_Ile_132_Val,1,1,0
6O2P_Ile_132_Thr,0,0,0
6O2P_Gly_134_Ala,11,1,-10
6O2P_Thr_135_Ser,3,2,-1
6O2P_Leu_138_Pro,5,3,-2
6O2P_Ser_138_Asn,0,0,0
6O2P_His_139_Pro,6,4,-2
6O2P_His_139_Tyr,0,0,0
6O2P_Pro_140_Ser,1,1,0
6O2P_Pro_140_Arg,0,0,0
6O2P_Ala_141_Thr,0,4,4
6O2P_Met_142_Thr,9,8,-1
6O2P_Glu_144_Lys,0,45,45
6O2P_Glu_144_Asp,0,0,0
6O2P_His_147_Gln,5,15,10
6O2P_His_147_Asn,0,0,0
6O2P_Ile_148_Thr,5,2,-3
6O2P_Gly_149_Glu,0,16,16
6O2P_Met_150_Ile,7,6,-1
6O2P_Gln_151_Lys,9,16,7
6O2P_Gln_151_Arg,0,0,0
6O2P_Gln_151_Pro,0,0,0
6O2P_Met_152_Leu,9,12,3
6O2P_Gly_152_Arg,0,0,0
6O2P_Met_152_Ile,0,0,0
6O2P_Arg_153_Lys,9,16,7
6O2P_Ile_154_Thr,6,2,-4
6O2P_Tyr_155_Asn,2,13,11
6O2P_Met_156_Val,2,6,4
6O2P_Ser_158_Asn,4,14,10
6O2P_Ser_158_Thr,0,0,0
6O2P_Ser_158_Cys,0,0,0
6O2P_Leu_159_Ser,5,0,-5
6O2P_Ile_160_Val,3,1,-2
6O2P_Tyr_161_Cys,21,8,-13
6O2P_Thr_164_Ala,0,0,0
6O2P_Arg_170_His,2,1,-1
6O2P_Arg_170_Cys,0,0,0
6O2P_Arg_170_Ser,0,0,0
6O2P_Val_171_Ile,5,10,5
6O2P_Leu_172_Ile,2,1,-1
6O2P_Ser_176_Thr,2,2,0
6O2P_Ser_176_Asn,0,0,0
6O2P_Ser_176_Arg,0,0,0
6O2P_Ile_177_Phe,4,19,15
6O2P_Ile_177_Thr,0,0,0
6O2P_Ile_177_Met,0,0,0
6O2P_Ile_177_Val,0,0,0
6O2P_Gly_178_Arg,0,30,30
6O2P_Gly_178_Glu,0,0,0
6O2P_Gln_179_Lys,1,9,8
6O2P_Leu_180_Val,3,4,1
6O2P_Leu_183_Ile,2,0,-2
6O2P_Arg_183_Lys,0,0,0
6O2P_Glu_185_Val,3,10,7
6O2P_His_186_Gln,0,0,0
6O2P_Asn_187_Lys,1,8,7
6O2P_Cys_187_Ser,0,0,0
6O2P_Cys_187_Gly,0,0,0
6O2P_Leu_188_Phe,4,25,21
6O2P_Leu_188_Pro,0,0,0
6O2P_Cys_190_Ser,2,0,-2
6O2P_Phe_191_Val,2,2,0
6O2P_Glu_193_Gly,0,0,0
6O2P_Glu_193_Lys,0,0,0
6O2P_Gly_194_Val,0,4,4
6O2P_Ala_196_Val,2,10,8
6O2P_Ala_198_Val,0,7,7
6O2P_Ala_198_Pro,0,0,0
6O2P_His_199_Arg,11,16,5
6O2P_Phe_200_Leu,6,8,2
6O2P_Phe_200_Ile,0,0,0
6O2P_Val_201_Met,3,14,11
6O2P_Ala_204_Thr,1,4,3
6O2P_Ala_204_Ser,0,0,0
6O2P_Pro_205_Ser,0,0,0
6O2P_Pro_205_Leu,0,0,0
6O2P_Leu_206_Trp,3,49,46
6O2P_Gln_207_His,3,16,13
6O2P_Val_208_Ala,5,0,-5
6O2P_Ala_209_Ser,0,1,1
6O2P_Leu_210_Phe,1,8,7
6O2P_Met_212_Val,9,2,-7
6O2P_Gly_213_Glu,0,55,55
6O2P_Leu_214_Val,5,7,2
6O2P_Trp_216_Arg,10,37,27
6O2P_Glu_217_Gly,4,0,-4
6O2P_Glu_217_Lys,0,0,0
6O2P_Gln_220_Pro,3,2,-1
6O2P_Ala_221_Val,0,0,0
6O2P_Phe_224_Leu,4,1,-3
6O2P_Cys_225_Tyr,0,0,0
6O2P_Gly_226_Glu,0,13,13
6O2P_Gly_226_Val,0,0,0
6O2P_Phe_229_Tyr,3,3,0
6O2P_Val_232_Asp,0,0,0
6O2P_Leu_233_Val,1,1,0
6O2P_Ala_234_Ser,0,1,1
6O2P_Phe_236_Ser,2,0,-2
6O2P_Gln_237_Glu,3,7,4
6O2P_Gly_239_Arg,0,11,11
6O2P_Gly_241_Arg,0,24,24
6O2P_Arg_242_Lys,1,0,-1
6O2P_Met_243_Thr,1,2,1
6O2P_Met_243_Val,0,0,0
6O2P_Met_244_Val,4,3,-1
6O2P_Met_244_Ile,0,0,0
6O2P_Arg_248_Thr,5,0,-5
6O2P_Arg_248_Lys,0,0,0
6O2P_Ala_252_Pro,0,0,0
6O2P_Ala_252_Ser,0,0,0
6O2P_Gly_253_Glu,0,0,0
6O2P_Gly_253_Arg,0,0,0
6O2P_Ile_255_Asn,4,5,1
6O2P_Ile_255_Val,0,0,0
6O2P_Ser_256_Gly,0,0,0
6O2P_Ser_256_Asn,0,0,0
6O2P_Glu_257_Ala,3,1,-2
6O2P_Arg_258_Gly,4,0,-4
6O2P_Arg_258_Ile,0,0,0
6O2P_Leu_259_Phe,3,23,20
6O2P_Leu_259_Val,0,0,0
6O2P_Val_260_Gly,3,0,-3
6O2P_Val_260_Met,0,0,0
6O2P_Val_260_Ala,0,0,0
6O2P_Met_265_Arg,7,34,27
6O2P_Ile_269_Thr,3,1,-2
6O2P_Val_272_Ala,1,0,-1
6O2P_Lys_273_Gln,5,6,1
6O2P_Lys_273_Met,0,0,0
6O2P_Cys_276_Phe,3,15,12
6O2P_Glu_279_Asp,1,1,0
6O2P_Ala_280_Ser,3,4,1
6O2P_Met_281_Thr,6,5,-1
6O2P_Met_281_Val,0,0,0
6O2P_Glu_282_Asp,5,4,-1
6O2P_Lys_283_Arg,0,0,0
6O2P_Ile_285_Phe,6,30,24
6O2P_Ile_285_Thr,0,0,0
6O2P_Asn_287_Lys,0,0,0
6O2P_Asn_287_Ser,0,0,0
6O2P_Asn_287_Tyr,0,0,0
6O2P_Gln_290_Arg,0,3,3
6O2P_Thr_291_Arg,4,4,0
6O2P_Thr_291_Ile,0,0,0
6O2P_Thr_291_Ala,0,0,0
6O2P_Leu_293_Met,8,7,-1
6O2P_Arg_297_Gln,10,1,-9
6O2P_Arg_297_Trp,0,0,0
6O2P_Ala_299_Thr,1,4,3
6O2P_Ala_300_Gly,2,0,-2
6O2P_Tyr_301_Cys,6,2,-4
6O2P_Phe_305_Val,3,6,3
6O2P_Asn_306_Ser,0,2,2
6O2P_Ala_309_Gly,3,0,-3
6O2P_Ala_309_Thr,0,0,0
6O2P_Phe_310_Leu,10,11,1
6O2P_Gly_314_Glu,0,31,31
6O2P_Phe_315_Ser,2,4,2
6O2P_Phe_316_Leu,2,3,1
6O2P_Val_317_Gly,7,0,-7
6O2P_Leu_320_Val,1,0,-1
6O2P_Leu_320_Phe,0,0,0
6O2P_Ser_321_Pro,1,1,0
6O2P_Val_322_Met,1,8,7
6O2P_Tyr_325_Cys,6,4,-2
6O2P_Leu_327_Arg,0,4,4
6O2P_Ile_331_Asn,5,3,-2
6O2P_Leu_333_Phe,8,31,23
6O2P_Arg_334_Gln,10,12,2
6O2P_Arg_334_Trp,0,0,0
6O2P_Arg_334_Leu,0,0,0
6O2P_Ile_336_Lys,3,5,2
6O2P_Ile_336_Thr,0,0,0
6O2P_Phe_337_Val,7,7,0
6O2P_Thr_338_Ile,3,6,3
6O2P_Thr_338_Ala,0,0,0
6O2P_Ile_340_Val,4,1,-3
6O2P_Cys_343_Phe,4,31,27
6O2P_Ile_344_Val,1,1,0
6O2P_Arg_347_His,9,31,22
6O2P_Arg_347_Pro,0,0,0
6O2P_Arg_347_Cys,0,0,0
6O2P_Arg_347_Ser,0,0,0
6O2P_Met_348_Lys,2,2,0
6O2P_Met_348_Val,0,0,0
6O2P_Ala_349_Val,0,7,7
6O2P_Thr_351_Ser,5,2,-3
6O2P_Thr_351_Ile,0,0,0
6O2P_Arg_352_Trp,7,26,19
6O2P_Arg_352_Gln,0,0,0
6O2P_Gln_353_His,4,5,1
6O2P_Pro_355_Leu,1,10,9
6O2P_Thr_360_Ile,0,4,4
6O2P_Trp_361_Arg,4,13,9
6O2P_Asn_369_Ser,0,0,0
6O2P_Lys_370_Glu,0,5,5
6O2P_Ile_371_Met,5,11,6
6O2P_Ile_371_Thr,0,0,0
6O2P_Asp_373_Asn,0,0,0
6O2P_Asp_373_Tyr,0,0,0
6O2P_Asp_373_Val,0,0,0
6O2P_Leu_375_Phe,4,11,7
6O2P_Gln_378_Arg,2,13,11
6O2P_Glu_379_Asp,3,3,0
6O2P_Tyr_380_Cys,4,1,-3
6O2P_Thr_382_Pro,1,0,-1
6O2P_Glu_384_Asp,1,0,-1
6O2P_Leu_387_Ser,0,0,0
6O2P_Thr_388_Met,1,4,3
6O2P_Thr_389_Ser,1,1,0
6O2P_Thr_390_Ile,4,5,1
6O2P_Thr_390_Ala,0,0,0
6O2P_Met_394_Thr,12,6,-6
6O2P_Asn_396_Tyr,0,2,2
6O2P_Asn_396_Thr,0,0,0
6O2P_Ala_399_Val,1,7,6
6O2P_Ala_399_Gly,0,0,0
6O2P_Phe_400_Ser,16,0,-16
6O2P_Trp_401_Cys,21,5,-16
6O2P_Trp_401_Leu,0,0,0
6O2P_Gly_404_Arg,0,13,13
6O2P_Gly_404_Val,0,0,0
6O2P_Gly_404_Ala,0,0,0
6O2P_Gly_406_Glu,0,10,10
6O2P_Glu_407_Lys,0,3,3
6O2P_Glu_407_Val,0,0,0
6O2P_Phe_409_Ile,6,12,6
6O2P_Lys_411_Glu,0,0,0
6O2P_Ala_412_Ser,0,0,0
6O2P_Gln_414_Pro,0,0,0
6O2P_Asn_416_Ser,0,0,0
6O2P_Asn_416_Asp,0,0,0
6O2P_Asn_418_Ser,0,0,0
6O2P_Asn_423_Lys,0,0,0
6O2P_Gly_424_Ser,0,0,0
6O2P_Leu_428_Ile,0,0,0
6O2P_Ser_431_Gly,0,0,0
6O2P_Leu_435_Pro,0,0,0
6O2P_Gly_437_Asp,0,9,9
6O2P_Thr_438_Ala,2,0,-2
6O2P_Pro_439_Thr,14,14,0
6O2P_Val_440_Ala,8,0,-8
6O2P_Leu_441_Pro,4,5,1
6O2P_Asp_443_Tyr,0,1,1
6O2P_Asp_443_Glu,0,0,0
6O2P_Ile_444_Thr,4,0,-4
6O2P_Ile_444_Val,0,0,0
6O2P_Lys_447_Arg,4,1,-3
6O2P_Ile_448_Thr,15,5,-10
6O2P_Glu_449_Gly,3,0,-3
6O2P_Arg_450_Ile,3,9,6
6O2P_Gly_451_Arg,0,7,7
6O2P_Gln_452_Arg,5,34,29
6O2P_Ala_455_Val,2,10,8
6O2P_Ala_455_Glu,0,0,0
6O2P_Val_456_Ala,6,0,-6
6O2P_Ser_459_Phe,0,14,14
6O2P_Ala_462_Val,1,6,5
6O2P_Thr_465_Asn,9,16,7
6O2P_Ser_466_Leu,4,20,16
6O2P_Leu_467_Phe,6,18,12
6O2P_Leu_467_Pro,0,0,0
6O2P_Met_469_Ile,6,6,0
6O2P_Met_469_Val,0,0,0
6O2P_Val_470_Met,5,12,7
6O2P_Ile_471_Val,4,3,-1
6O2P_Glu_474_Gln,7,18,11
6O2P_Pro_477_Ser,1,2,1
6O2P_Pro_477_Thr,0,0,0
6O2P_Glu_479_Asp,1,1,0
6O2P_Glu_479_Gly,0,0,0
6O2P_Gly_480_Cys,0,6,6
6O2P_His_484_Tyr,2,5,3
6O2P_Ser_485_Cys,3,3,0
6O2P_Ser_485_Thr,0,0,0
6O2P_Arg_487_Lys,3,9,6
6O2P_Phe_490_Cys,9,1,-8
6O2P_Cys_491_Phe,2,20,18
6O2P_Ser_492_Phe,2,34,32
6O2P_Gln_493_Arg,11,43,32
6O2P_Ser_495_Phe,4,31,27
6O2P_Met_498_Thr,5,10,5
6O2P_Pro_499_Ala,3,0,-3
6O2P_Pro_499_Ser,0,0,0
6O2P_Gly_500_Asp,0,21,21
6O2P_Gly_500_Ser,0,0,0
6O2P_Ile_502_Thr,4,1,-3
6O2P_Ile_502_Val,0,0,0
6O2P_Ile_506_Val,4,4,0
6O2P_Ile_506_Thr,0,0,0
6O2P_Ile_506_Leu,0,0,0
6O2P_Ile_507_Val,3,6,3
6O2P_Phe_508_Cys,14,4,-10
6O2P_Phe_508_Val,0,0,0
6O2P_Phe_508_Leu,0,0,0
6O2P_Val_510_Ile,3,6,3
6O2P_Asp_513_Gly,4,0,-4
6O2P_Asp_513_Tyr,0,0,0
6O2P_Tyr_515_His,1,1,0
6O2P_Ser_519_Asn,0,5,5
6O2P_Val_520_Ile,3,6,3
6O2P_Val_520_Phe,0,0,0
6O2P_Ile_521_Leu,6,7,1
6O2P_Ile_521_Phe,0,0,0
6O2P_Cys_524_Arg,2,17,15
6O2P_Glu_527_Gly,2,0,-2
6O2P_Glu_527_Gln,0,0,0
6O2P_Glu_528_Lys,0,13,13
6O2P_Ile_530_Met,3,6,3
6O2P_Ile_530_Asn,0,0,0
6O2P_Lys_532_Asn,0,0,0
6O2P_Ala_534_Glu,0,3,3
6O2P_Ala_534_Ser,0,0,0
6O2P_Lys_536_Glu,0,1,1
6O2P_Asn_538_Lys,2,15,13
6O2P_Asn_538_Tyr,0,0,0
6O2P_Ile_539_Thr,6,0,-6
6O2P_Val_540_Ile,0,0,0
6O2P_Val_540_Ala,0,0,0
6O2P_Gly_542_Glu,0,0,0
6O2P_Gly_542_Arg,0,0,0
6O2P_Gly_544_Ser,0,1,1
6O2P_Ile_546_Phe,2,11,9
6O2P_Thr_547_Ile,1,1,0
6O2P_Thr_547_Ala,0,0,0
6O2P_Leu_548_Pro,8,4,-4
6O2P_Ser_549_Asn,7,24,17
6O2P_Ser_549_Arg,0,0,0
6O2P_Gly_551_Asp,0,20,20
6O2P_Gly_551_Ser,0,0,0
6O2P_Arg_553_Gln,4,4,0
6O2P_Arg_553_Pro,0,0,0
6O2P_Ile_556_Val,4,3,-1
6O2P_Ser_557_Thr,3,5,2
6O2P_Leu_558_Ser,4,1,-3
6O2P_Ala_559_Thr,2,9,7
6O2P_Ala_559_Ser,0,0,0
6O2P_Arg_560_Thr,8,2,-6
6O2P_Arg_560_Ser,0,0,0
6O2P_Ala_561_Glu,2,10,8
6O2P_Ala_561_Ser,0,0,0
6O2P_Val_562_Ile,4,8,4
6O2P_Val_562_Leu,0,0,0
6O2P_Tyr_563_Asn,7,10,3
6O2P_Lys_564_Arg,7,35,28
6O2P_Lys_564_Glu,0,0,0
6O2P_Asp_565_His,1,22,21
6O2P_Asp_565_Tyr,0,0,0
6O2P_Ala_566_Asp,1,6,5
6O2P_Asp_567_Asn,5,5,0
6O2P_Tyr_569_Asp,4,8,4
6O2P_Asp_572_Glu,7,14,7
6O2P_Ser_573_Phe,4,25,21
6O2P_Ser_573_Cys,0,0,0
6O2P_Pro_574_His,4,17,13
6O2P_Phe_575_Tyr,10,15,5
6O2P_Phe_575_Ile,0,0,0
6O2P_Gly_576_Ala,0,5,5
6O2P_Gly_576_Val,0,0,0
6O2P_Tyr_577_Cys,2,0,-2
6O2P_Tyr_577_Phe,0,0,0
6O2P_Asp_579_Gly,6,0,-6
6O2P_Thr_582_Ser,5,2,-3
6O2P_Glu_583_Gly,6,0,-6
6O2P_Glu_585_Lys,2,9,7
6O2P_Phe_587_Val,16,10,-6
6O2P_Phe_587_Ile,0,0,0
6O2P_Glu_588_Lys,4,6,2
6O2P_Glu_588_Gly,0,0,0
6O2P_Glu_588_Ala,0,0,0
6O2P_Ser_589_Thr,0,0,0
6O2P_Cys_592_Tyr,3,28,25
6O2P_Met_595_Val,4,3,-1
6O2P_Met_595_Leu,0,0,0
6O2P_Asn_597_Lys,1,0,-1
6O2P_Thr_599_Ser,4,2,-2
6O2P_Ile_601_Val,10,5,-5
6O2P_Ile_601_Phe,0,0,0
6O2P_Val_603_Ile,4,10,6
6O2P_Ser_605_Pro,0,0,0
6O2P_Leu_610_Ile,6,6,0
6O2P_Leu_610_Phe,0,0,0
6O2P_Asp_614_Gly,2,0,-2
6O2P_Ile_616_Val,7,2,-5
6O2P_Leu_617_Phe,4,28,24
6O2P_Ile_618_Thr,7,0,-7
6O2P_His_620_Arg,3,1,-2
6O2P_His_620_Leu,0,0,0
6O2P_Gly_622_Asp,0,3,3
6O2P_Tyr_625_Asn,3,9,6
6O2P_Phe_626_Leu,8,8,0
6O2P_Tyr_627_Cys,4,0,-4
6O2P_Gly_628_Arg,0,48,48
6O2P_Thr_629_Ala,3,0,-3
6O2P_Leu_633_Ile,5,13,8
6O2P_Asn_635_Thr,0,0,0
6O2P_Leu_636_Pro,2,2,0
6O2P_Pro_638_Ser,0,0,0
6O2P_Ser_641_Gly,0,0,0
6O2P_Met_645_Thr,0,0,0
6O2P_Met_645_Lys,0,0,0
6O2P_Asp_648_Asn,0,0,0
6O2P_Phe_650_Leu,0,0,0
6O2P_Asp_651_Asn,0,0,0
6O2P_Gln_652_Glu,0,0,0
6O2P_Gln_652_Lys,0,0,0
6O2P_Phe_653_Val,0,0,0
6O2P_Ser_654_Gly,0,0,0
6O2P_Glu_656_Gln,0,0,0
6O2P_Ile_661_Met,0,0,0
6O2P_Ile_661_Val,0,0,0
6O2P_Ile_661_Thr,0,0,0
6O2P_His_667_Tyr,0,0,0
6O2P_Arg_668_Cys,0,0,0
6O2P_Arg_668_His,0,0,0
6O2P_Glu_672_Lys,0,0,0
6O2P_Asp_674_Gly,0,0,0
6O2P_Asp_674_Val,0,0,0
6O2P_Ala_675_Val,0,0,0
6O2P_Pro_676_Ala,0,0,0
6O2P_Pro_676_Ser,0,0,0
6O2P_Glu_681_Val,0,0,0
6O2P_Lys_684_Thr,0,0,0
6O2P_Ser_686_Tyr,0,0,0
6O2P_Ser_686_Thr,0,0,0
6O2P_Lys_688_Gln,0,0,0
6O2P_Thr_690_Ala,0,0,0
6O2P_Gly_691_Arg,0,0,0
6O2P_Phe_693_Leu,0,0,0
6O2P_Glu_695_Gly,0,0,0
6O2P_Asn_699_Lys,0,0,0
6O2P_Asn_703_Ile,0,0,0
6O2P_Pro_704_Leu,0,0,0
6O2P_Pro_704_Arg,0,0,0
6O2P_Ile_705_Val,0,0,0
6O2P_Ser_707_Cys,0,0,0
6O2P_Ile_708_Thr,0,0,0
6O2P_Arg_709_Gln,0,0,0
6O2P_Val_714_Leu,0,0,0
6O2P_Gln_715_His,0,0,0
6O2P_Pro_718_Arg,0,0,0
6O2P_Gln_720_Arg,0,0,0
6O2P_Gly_723_Val,0,0,0
6O2P_Glu_725_Lys,0,0,0
6O2P_Asp_727_Ala,0,0,0
6O2P_Pro_731_Leu,0,0,0
6O2P_Ser_737_Phe,0,0,0
6O2P_Ser_737_Thr,0,0,0
6O2P_Pro_740_Leu,0,0,0
6O2P_Gln_744_Pro,0,0,0
6O2P_Ala_747_Val,0,0,0
6O2P_Pro_750_Leu,0,0,0
6O2P_Arg_751_Cys,0,0,0
6O2P_Arg_751_His,0,0,0
6O2P_Arg_751_Leu,0,0,0
6O2P_Ile_752_Ser,0,0,0
6O2P_Ser_753_Gly,0,0,0
6O2P_Ser_753_Asn,0,0,0
6O2P_Val_754_Met,0,0,0
6O2P_Ile_755_Phe,0,0,0
6O2P_Ser_756_Cys,0,0,0
6O2P_Thr_757_Ser,0,0,0
6O2P_Thr_760_Met,0,0,0
6O2P_Thr_760_Arg,0,0,0
6O2P_Arg_764_Gln,0,0,0
6O2P_Arg_765_Lys,0,0,0
6O2P_Arg_766_Lys,0,0,0
6O2P_Gln_767_His,0,0,0
6O2P_Ser_768_Phe,0,0,0
6O2P_Val_769_Ile,0,0,0
6O2P_His_775_Tyr,0,0,0
6O2P_His_775_Arg,0,0,0
6O2P_Ser_776_Leu,0,0,0
6O2P_Gln_781_His,0,0,0
6O2P_Ile_783_Val,0,0,0
6O2P_Arg_785_Gln,0,0,0
6O2P_Arg_785_Pro,0,0,0
6O2P_Lys_786_Asn,0,0,0
6O2P_Arg_792_Gly,0,0,0
6O2P_Arg_792_Gln,0,0,0
6O2P_Val_794_Leu,0,0,0
6O2P_Leu_796_Pro,0,0,0
6O2P_Pro_798_Ser,0,0,0
6O2P_Gln_799_Lys,0,0,0
6O2P_Ala_800_Ser,0,0,0
6O2P_Ala_800_Val,0,0,0
6O2P_Asn_801_Tyr,0,0,0
6O2P_Leu_802_Phe,0,0,0
6O2P_Asp_806_Gly,0,0,0
6O2P_Ile_807_Met,0,0,0
6O2P_Arg_810_Gly,0,0,0
6O2P_Arg_811_Ser,0,0,0
6O2P_Gly_817_Val,0,0,0
6O2P_Ser_821_Asn,0,0,0
6O2P_Glu_823_Asp,0,0,0
6O2P_Glu_826_Lys,0,0,0
6O2P_Glu_826_Asp,0,0,0
6O2P_Asp_828_Asn,0,0,0
6O2P_Asp_828_Glu,0,0,0
6O2P_Cys_832_Tyr,0,0,0
6O2P_Cys_832_Gly,0,0,0
6O2P_Phe_834_Leu,0,0,0
6O2P_Asp_836_Tyr,0,0,0
6O2P_Met_837_Thr,0,0,0
6O2P_Asn_847_Ser,0,0,0
6O2P_Tyr_849_Cys,5,0,-5
6O2P_Arg_851_Gln,7,2,-5
6O2P_Ile_853_Val,0,0,0
6O2P_Ile_853_Phe,0,0,0
6O2P_Thr_854_Ile,0,1,1
6O2P_Val_855_Ile,2,7,5
6O2P_Lys_857_Asn,0,0,0
6O2P_Leu_859_Phe,6,17,11
6O2P_Val_862_Leu,3,7,4
6O2P_Cys_866_Tyr,2,35,33
6O2P_Glu_873_Val,1,1,0
6O2P_Val_874_Leu,5,14,9
6O2P_Ala_876_Val,0,0,0
6O2P_Ser_877_Ala,3,2,-1
6O2P_Thr_887_Pro,4,0,-4
6O2P_Thr_887_Asn,0,0,0
6O2P_Pro_888_His,1,0,-1
6O2P_Leu_889_Phe,4,5,1
6O2P_Leu_889_Val,0,0,0
6O2P_Gln_890_Arg,0,0,0
6O2P_Asp_891_Gly,0,0,0
6O2P_Asp_891_Asn,0,0,0
6O2P_Asn_894_Lys,0,0,0
6O2P_Asn_894_Ser,0,0,0
6O2P_Ser_895_Asn,0,0,0
6O2P_Ser_895_Thr,0,0,0
6O2P_Thr_896_Ile,0,0,0
6O2P_His_897_Tyr,0,0,0
6O2P_Ser_898_Arg,0,0,0
6O2P_Asn_901_Ile,0,1,1
6O2P_Tyr_903_Cys,0,0,0
6O2P_Val_905_Leu,0,0,0
6O2P_Ile_907_Ser,2,0,-2
6O2P_Ile_907_Val,0,0,0
6O2P_Thr_908_Asn,0,0,0
6O2P_Thr_910_Ser,6,2,-4
6O2P_Ser_911_Asn,0,8,8
6O2P_Ser_912_Leu,1,5,4
6O2P_Tyr_913_Cys,7,5,-2
6O2P_Val_915_Leu,2,7,5
6O2P_Ile_918_Val,2,1,-1
6O2P_Tyr_919_Cys,10,4,-6
6O2P_Val_920_Met,1,11,10
6O2P_Val_920_Leu,0,0,0
6O2P_Gly_921_Arg,0,44,44
6O2P_Val_922_Gly,2,0,-2
6O2P_Asp_924_Asn,4,1,-3
6O2P_Thr_925_Asn,2,3,1
6O2P_Leu_926_Phe,3,6,3
6O2P_Leu_926_Ser,0,0,0
6O2P_Gly_934_Ser,0,15,15
6O2P_Pro_936_Thr,1,4,3
6O2P_Pro_936_Leu,0,0,0
6O2P_Val_938_Leu,2,5,3
6O2P_Val_938_Gly,0,0,0
6O2P_Val_938_Met,0,0,0
6O2P_His_939_Asp,5,8,3
6O2P_His_939_Gln,0,0,0
6O2P_Val_944_Ala,5,0,-5
6O2P_Ser_945_Leu,4,13,9
6O2P_Lys_946_Glu,3,3,0
6O2P_Lys_946_Gln,0,0,0
6O2P_Leu_948_Phe,6,23,17
6O2P_His_949_Leu,5,12,7
6O2P_His_949_Tyr,0,0,0
6O2P_His_950_Arg,0,0,0
6O2P_Lys_951_Glu,1,12,11
6O2P_Lys_951_Thr,0,0,0
6O2P_Met_952_Thr,9,7,-2
6O2P_Met_952_Ile,0,0,0
6O2P_His_954_Tyr,9,14,5
6O2P_Ala_959_Val,1,6,5
6O2P_Ala_959_Thr,0,0,0
6O2P_Pro_960_Ser,2,1,-1
6O2P_Pro_960_Leu,0,0,0
6O2P_Met_961_Thr,6,1,-5
6O2P_Met_961_Ile,0,0,0
6O2P_Met_961_Val,0,0,0
6O2P_Leu_964_Phe,3,5,2
6O2P_Asn_965_Lys,1,8,7
6O2P_Leu_967_Ser,4,0,-4
6O2P_Gly_970_Asp,0,14,14
6O2P_Phe_976_Ser,5,0,-5
6O2P_Phe_976_Leu,0,0,0
6O2P_Ser_977_Phe,3,21,18
6O2P_Ser_977_Ala,0,0,0
6O2P_Ser_977_Cys,0,0,0
6O2P_Ser_977_Pro,0,0,0
6O2P_Lys_978_Arg,6,33,27
6O2P_Asp_979_Ala,6,1,-5
6O2P_Asp_979_Gly,0,0,0
6O2P_Ile_980_Lys,2,18,16
6O2P_Ile_982_Val,3,2,-1
6O2P_Asp_984_Asn,6,5,-1
6O2P_Asp_985_Asn,3,3,0
6O2P_Asp_985_Glu,0,0,0
6O2P_Leu_986_Pro,3,4,1
6O2P_Thr_990_Asn,5,4,-1
6O2P_Thr_990_Ser,0,0,0
6O2P_Ile_991_Val,7,3,-4
6O2P_Ile_991_Met,0,0,0
6O2P_Phe_992_Leu,8,3,-5
6O2P_Asp_993_Gly,1,0,-1
6O2P_Phe_994_Leu,5,9,4
6O2P_Phe_994_Cys,0,0,0
6O2P_Ile_995_Asn,5,1,-4
6O2P_Ile_995_Leu,0,0,0
6O2P_Leu_997_Phe,7,14,7
6O2P_Val_1001_Leu,3,8,5
6O2P_Ile_1002_Phe,1,3,2
6O2P_Gly_1003_Glu,0,39,39
6O2P_Ala_1004_Gly,0,0,0
6O2P_Ile_1005_Arg,5,11,6
6O2P_Ala_1006_Thr,0,1,1
6O2P_Ala_1006_Glu,0,0,0
6O2P_Val_1008_Asp,5,2,-3
6O2P_Ala_1009_Thr,2,8,6
6O2P_Ala_1009_Val,0,0,0
6O2P_Pro_1013_His,1,0,-1
6O2P_Pro_1013_Leu,0,0,0
6O2P_Pro_1013_Arg,0,0,0
6O2P_Tyr_1014_Cys,2,0,-2
6O2P_Phe_1016_Ser,3,2,-1
6O2P_Ala_1018_Thr,0,2,2
6O2P_Pro_1021_Thr,1,0,-1
6O2P_Pro_1021_Ser,0,0,0
6O2P_Val_1022_Met,7,17,10
6O2P_Ile_1023_Val,4,1,-3
6O2P_Ile_1023_Arg,0,0,0
6O2P_Ala_1025_Ser,1,2,1
6O2P_Ala_1025_Val,0,0,0
6O2P_Ile_1027_Thr,1,0,-1
6O2P_Met_1028_Val,0,1,1
6O2P_Met_1028_Arg,0,0,0
6O2P_Met_1028_Ile,0,0,0
6O2P_Leu_1029_Met,5,2,-3
6O2P_Ala_1031_Val,0,0,0
6O2P_Tyr_1032_Cys,7,0,-7
6O2P_Thr_1036_Asn,1,2,1
6O2P_Gln_1039_Arg,3,2,-1
6O2P_Lys_1041_Gln,2,11,9
6O2P_Glu_1044_Gln,5,12,7
6O2P_Gly_1047_Val,0,9,9
6O2P_Ser_1049_Asn,0,2,2
6O2P_Pro_1050_Ala,2,1,-1
6O2P_Ile_1051_Val,2,1,-1
6O2P_Ile_1051_Phe,0,0,0
6O2P_Phe_1052_Val,2,3,1
6O2P_Phe_1052_Leu,0,0,0
6O2P_Thr_1053_Ile,0,7,7
6O2P_His_1054_Gln,13,3,-10
6O2P_His_1054_Tyr,0,0,0
6O2P_Thr_1057_Ala,4,1,-3
6O2P_Gly_1061_Arg,0,56,56
6O2P_Leu_1065_Phe,11,27,16
6O2P_Arg_1066_His,8,8,0
6O2P_Arg_1066_Cys,0,0,0
6O2P_Ala_1067_Val,1,5,4
6O2P_Ala_1067_Thr,0,0,0
6O2P_Gly_1069_Arg,0,2,2
6O2P_Arg_1070_Gln,9,4,-5
6O2P_Arg_1070_Trp,0,0,0
6O2P_Gln_1071_Arg,2,12,10
6O2P_Phe_1074_Leu,13,9,-4
6O2P_Leu_1077_Pro,4,2,-2
6O2P_Lys_1080_Arg,0,2,2
6O2P_Lys_1080_Gln,0,0,0
6O2P_Lys_1080_Glu,0,0,0
6O2P_Ala_1081_Gly,2,0,-2
6O2P_His_1085_Pro,3,3,0
6O2P_Thr_1086_Ser,5,2,-3
6O2P_Thr_1086_Ala,0,0,0
6O2P_Trp_1089_Cys,7,8,1
6O2P_Phe_1090_Leu,7,5,-2
6O2P_Leu_1091_Phe,7,22,15
6O2P_Tyr_1092_His,6,3,-3
6O2P_Tyr_1092_Cys,0,0,0
6O2P_Arg_1097_Cys,7,2,-5
6O2P_Arg_1097_His,0,0,0
6O2P_Arg_1097_Pro,0,0,0
6O2P_Trp_1098_Cys,18,4,-14
6O2P_Phe_1099_Leu,17,26,9
6O2P_Gln_1100_Pro,5,4,-1
6O2P_Met_1101_Lys,4,11,7
6O2P_Met_1101_Ile,0,0,0
6O2P_Arg_1102_Lys,11,13,2
6O2P_Ile_1106_Thr,2,1,-1
6O2P_Val_1108_Leu,4,12,8
6O2P_Ile_1109_Val,0,0,0
6O2P_Phe_1111_Leu,13,11,-2
6O2P_Val_1114_Leu,6,11,5
6O2P_Phe_1116_Ser,7,1,-6
6O2P_Ile_1117_Thr,1,0,-1
6O2P_Ser_1118_Phe,1,39,38
6O2P_Ser_1118_Cys,0,0,0
6O2P_Gly_1130_Ala,0,7,7
6O2P_Gly_1130_Val,0,0,0
6O2P_Gly_1130_Ser,0,0,0
6O2P_Ile_1131_Val,2,3,1
6O2P_Ala_1136_Thr,1,6,5
6O2P_Met_1137_Val,11,10,-1
6O2P_Met_1137_Thr,0,0,0
6O2P_Ile_1139_Val,5,3,-2
6O2P_Met_1140_Val,10,8,-2
6O2P_Ala_1146_Val,1,5,4
6O2P_Ala_1146_Asp,0,0,0
6O2P_Val_1147_Glu,2,13,11
6O2P_Asn_1148_Lys,2,5,3
6O2P_Ile_1151_Val,4,1,-3
6O2P_Asp_1152_His,1,1,0
6O2P_Val_1153_Glu,3,9,6
6O2P_Val_1153_Met,0,0,0
6O2P_Asp_1154_Glu,5,15,10
6O2P_Asp_1154_Gly,0,0,0
6O2P_Leu_1156_Phe,7,10,3
6O2P_Met_1157_Ile,7,14,7
6O2P_Arg_1158_Gln,6,12,6
6O2P_Ser_1159_Pro,4,5,1
6O2P_Ser_1159_Phe,0,0,0
6O2P_Arg_1162_Leu,8,1,-7
6O2P_Arg_1162_Gln,0,0,0
6O2P_Val_1163_Gly,2,0,-2
6O2P_Lys_1165_Arg,0,0,0
6O2P_Ile_1167_Val,4,2,-2
6O2P_Asp_1168_Gly,4,0,-4
6O2P_Thr_1171_Ala,0,0,0
6O2P_Glu_1172_Gln,4,11,7
6O2P_Gly_1173_Ser,0,1,1
6O2P_Lys_1174_Thr,0,0,0
6O2P_Lys_1177_Arg,0,0,0
6O2P_Lys_1177_Thr,0,0,0
6O2P_Pro_1181_Gln,0,0,0
6O2P_Tyr_1182_His,0,0,0
6O2P_Lys_1183_Asn,0,0,0
6O2P_Asn_1184_Lys,0,0,0
6O2P_Gln_1186_His,0,0,0
6O2P_Leu_1187_Val,0,0,0
6O2P_Leu_1187_Ile,0,0,0
6O2P_Ser_1188_Pro,0,0,0
6O2P_Ser_1188_Leu,0,0,0
6O2P_Met_1191_Thr,0,0,0
6O2P_His_1197_Leu,0,0,0
6O2P_His_1197_Arg,0,0,0
6O2P_Val_1198_Met,0,0,0
6O2P_Val_1198_Leu,0,0,0
6O2P_Lys_1199_Arg,0,0,0
6O2P_Lys_1200_Gln,0,0,0
6O2P_Asp_1201_Tyr,0,0,0
6O2P_Ile_1203_Phe,0,5,5
6O2P_Ile_1203_Val,0,0,0
6O2P_Gly_1208_Asp,0,11,11
6O2P_Gln_1209_Lys,3,14,11
6O2P_Met_1210_Leu,3,6,3
6O2P_Thr_1216_Ala,0,0,0
6O2P_Ala_1217_Val,3,12,9
6O2P_Tyr_1219_His,28,13,-15
6O2P_Thr_1220_Ile,0,0,0
6O2P_Gly_1223_Arg,0,18,18
6O2P_Asn_1224_Lys,0,2,2
6O2P_Ala_1225_Val,3,10,7
6O2P_Ile_1226_Thr,6,3,-3
6O2P_Leu_1227_Ser,5,2,-3
6O2P_Glu_1228_Gln,3,2,-1
6O2P_Glu_1228_Gly,0,0,0
6O2P_Asn_1229_Lys,0,1,1
6O2P_Ile_1230_Thr,10,6,-4
6O2P_Ile_1230_Val,0,0,0
6O2P_Ile_1234_Val,4,2,-2
6O2P_Ser_1235_Arg,2,2,0
6O2P_Gly_1237_Asp,0,1,1
6O2P_Gln_1238_Lys,9,8,-1
6O2P_Val_1240_Gly,3,0,-3
6O2P_Gly_1241_Asp,0,20,20
6O2P_Leu_1242_Phe,6,23,17
6O2P_Gly_1244_Glu,0,31,31
6O2P_Gly_1244_Val,0,0,0
6O2P_Thr_1246_Ile,4,12,8
6O2P_Thr_1246_Ser,0,0,0
6O2P_Ser_1248_Leu,2,7,5
6O2P_Gly_1249_Glu,0,28,28
6O2P_Gly_1249_Arg,0,0,0
6O2P_Ser_1251_Asn,7,16,9
6O2P_Ser_1251_Arg,0,0,0
6O2P_Leu_1254_Phe,5,19,14
6O2P_Ser_1255_Thr,1,3,2
6O2P_Ser_1255_Leu,0,0,0
6O2P_Ala_1256_Val,0,6,6
6O2P_Phe_1257_Leu,6,17,11
6O2P_Arg_1259_Thr,6,2,-4
6O2P_Thr_1263_Ile,2,6,4
6O2P_Glu_1264_Gly,0,0,0
6O2P_Gln_1268_Arg,4,3,-1
6O2P_Ile_1269_Met,8,8,0
6O2P_Asp_1270_Asn,4,2,-2
6O2P_Asp_1270_Gly,0,0,0
6O2P_Val_1272_Glu,2,2,0
6O2P_Val_1272_Gly,0,0,0
6O2P_Ile_1277_Val,8,1,-7
6O2P_Ile_1277_Thr,0,0,0
6O2P_Leu_1279_Trp,5,42,37
6O2P_Gln_1281_Arg,7,6,-1
6O2P_Trp_1282_Cys,13,3,-10
6O2P_Arg_1283_Lys,5,8,3
6O2P_Ala_1285_Val,2,8,6
6O2P_Val_1288_Ala,5,0,-5
6O2P_Ile_1289_Val,6,2,-4
6O2P_Pro_1290_Leu,6,7,1
6O2P_Pro_1290_Thr,0,0,0
6O2P_Gln_1291_His,3,12,9
6O2P_Gln_1291_Arg,0,0,0
6O2P_Val_1293_Ile,6,10,4
6O2P_Val_1293_Leu,0,0,0
6O2P_Thr_1299_Ala,2,0,-2
6O2P_Phe_1300_Leu,6,11,5
6O2P_Asn_1303_Lys,7,12,5
6O2P_Asn_1303_Ile,0,0,0
6O2P_Asn_1303_Tyr,0,0,0
6O2P_Leu_1304_Val,4,3,-1
6O2P_Pro_1306_Ser,5,3,-2
6O2P_Tyr_1307_Asn,6,3,-3
6O2P_Gln_1309_Glu,4,1,-3
6O2P_Trp_1310_Gly,10,0,-10
6O2P_Ser_1311_Arg,1,0,-1
6O2P_Asp_1312_Gly,3,0,-3
6O2P_Gln_1313_Lys,0,0,0
6O2P_Val_1318_Ala,5,0,-5
6O2P_Val_1318_Ile,0,0,0
6O2P_Val_1322_Phe,6,29,23
6O2P_Val_1322_Ile,0,0,0
6O2P_Val_1327_Leu,6,13,7
6O2P_Ile_1328_Thr,5,1,-4
6O2P_Ile_1328_Met,0,0,0
6O2P_Ile_1328_Val,0,0,0
6O2P_Gln_1330_Glu,0,0,0
6O2P_Phe_1331_Leu,5,8,3
6O2P_Phe_1331_Ile,0,0,0
6O2P_Leu_1335_Phe,5,27,22
6O2P_Phe_1337_Val,3,2,-1
6O2P_Leu_1339_Pro,4,1,-3
6O2P_Asp_1341_Gly,2,0,-2
6O2P_Gly_1343_Ser,0,6,6
6O2P_Gly_1343_Ala,0,0,0
6O2P_Gly_1343_Asp,0,0,0
6O2P_Cys_1344_Ser,2,0,-2
6O2P_Leu_1346_Gln,3,6,3
6O2P_Ser_1347_Asn,6,27,21
6O2P_Gly_1349_Ser,0,10,10
6O2P_Lys_1351_Asn,2,3,1
6O2P_Gln_1352_His,2,7,5
6O2P_Gln_1352_Glu,0,0,0
6O2P_Met_1354_Thr,4,1,-3
6O2P_Met_1354_Ile,0,0,0
6O2P_Cys_1355_Gly,3,0,-3
6O2P_Cys_1355_Phe,0,0,0
6O2P_Arg_1358_Gly,6,0,-6
6O2P_Ser_1359_Cys,2,4,2
6O2P_Leu_1361_Val,4,8,4
6O2P_Ser_1362_Asn,0,0,0
6O2P_Ser_1362_Thr,0,0,0
6O2P_Lys_1363_Arg,0,0,0
6O2P_Ala_1364_Val,0,2,2
6O2P_Ile_1366_Phe,7,11,4
6O2P_Ile_1366_Thr,0,0,0
6O2P_Ile_1366_Asn,0,0,0
6O2P_Leu_1369_Phe,8,18,10
6O2P_Asp_1370_Gly,4,0,-4
6O2P_Asp_1370_His,0,0,0
6O2P_Pro_1372_Leu,5,11,6
6O2P_His_1375_Asn,11,6,-5
6O2P_His_1375_Arg,0,0,0
6O2P_Asp_1377_Asn,3,3,0
6O2P_Asp_1377_His,0,0,0
6O2P_Pro_1378_Leu,0,1,1
6O2P_Val_1379_Leu,1,1,0
6O2P_Thr_1380_Ile,3,12,9
6O2P_Tyr_1381_His,9,25,16
6O2P_Tyr_1381_Ser,0,0,0
6O2P_Tyr_1381_Cys,0,0,0
6O2P_Gln_1382_Lys,1,0,-1
6O2P_Gln_1382_His,0,0,0
6O2P_Arg_1385_Gly,4,0,-4
6O2P_Arg_1386_Gly,2,0,-2
6O2P_Phe_1392_Leu,5,7,2
6O2P_Asp_1394_Gly,1,0,-1
6O2P_Asp_1394_His,0,0,0
6O2P_Cys_1395_Phe,2,13,11
6O2P_Thr_1396_Pro,3,3,0
6O2P_Thr_1396_Arg,0,0,0
6O2P_Ile_1398_Ser,7,1,-6
6O2P_Arg_1403_Lys,8,0,-8
6O2P_Arg_1403_Gly,0,0,0
6O2P_Glu_1409_Lys,4,23,19
6O2P_Cys_1410_Trp,2,40,38
6O2P_Cys_1410_Ser,0,0,0
6O2P_Gln_1411_Pro,1,5,4
6O2P_Phe_1413_Leu,9,5,-4
6O2P_Val_1415_Gly,5,0,-5
6O2P_Val_1415_Asp,0,0,0
6O2P_Asn_1419_Lys,0,0,0
6O2P_Val_1421_Leu,5,12,7
6O2P_Val_1421_Met,0,0,0
6O2P_Arg_1422_Trp,3,29,26
6O2P_Arg_1422_Gln,0,0,0
6O2P_Arg_1422_Pro,0,0,0
6O2P_Ser_1426_Phe,3,7,4
6O2P_Ser_1426_Pro,0,0,0
6O2P_Ser_1426_Tyr,0,0,0
6O2P_Leu_1431_Arg,6,22,16
6O2P_Asn_1432_Lys,0,1,1
6O2P_Glu_1433_Lys,1,5,4
6O2P_Leu_1436_Phe,1,27,26
6O2P_Arg_1438_Trp,0,31,31
6O2P_Ala_1440_Thr,1,6,5
6O2P_Ile_1441_Thr,6,2,-4
6O2P_Ile_1441_Val,0,0,0
6O2P_Ser_1442_Arg,1,11,10
6O2P_Pro_1443_Ser,0,0,0
6O2P_Pro_1443_Ala,0,0,0
6O2P_Ser_1444_Phe,0,8,8
6O2P_Asp_1445_Asn,4,2,-2
6O2P_Phe_1450_Ile,1,1,0
6O2P_Arg_1453_Trp,0,0,0
6O2P_Arg_1453_Gln,0,0,0
6O2P_Ser_1455_Ala,0,0,0
6O2P_Lys_1457_Asn,0,0,0
6O2P_Lys_1461_Glu,0,0,0
6O2P_Ile_1464_Thr,0,0,0
6O2P_Ala_1466_Ser,0,0,0
6O2P_Val_1475_Met,0,0,0
6O2P_Val_1475_Leu,0,0,0
6O2P_Thr_1478_Arg,0,0,0
6O2P_Thr_1478_Ile,0,0,0
6O2P_Arg_1479_Lys,0,0,0
6O2P_Leu_1480_Pro,0,0,0
6O2P_Ter_1481_Tyr,0,0,0
7SVR_Met_1_?,0,0,0
7SVR_Arg_3_Met,1,2,1
7SVR_Ser_4_Leu,1,6,5
7SVR_Ser_4_Ala,0,0,0
7SVR_Pro_5_Leu,4,12,8
7SVR_Leu_6_Arg,4,31,27
7SVR_Glu_7_Gln,3,1,-2
7SVR_Ala_9_Val,3,12,9
7SVR_Ser_10_Arg,2,2,0
7SVR_Ser_10_Asn,0,0,0
7SVR_Val_11_Ile,0,0,0
7SVR_Val_11_Leu,0,0,0
7SVR_Val_11_Ala,0,0,0
7SVR_Val_12_Ala,0,0,0
7SVR_Lys_14_Ile,8,7,-1
7SVR_Lys_14_Arg,0,0,0
7SVR_Lys_14_Glu,0,0,0
7SVR_Leu_15_Phe,4,15,11
7SVR_Leu_15_Val,0,0,0
7SVR_Phe_17_Leu,13,8,-5
7SVR_Ser_18_Gly,2,0,-2
7SVR_Thr_20_Ser,4,1,-3
7SVR_Arg_21_Ile,4,2,-2
7SVR_Leu_24_Val,6,6,0
7SVR_Lys_26_Glu,2,0,-2
7SVR_Tyr_28_His,8,5,-3
7SVR_Arg_29_Thr,4,7,3
7SVR_Arg_31_Cys,0,0,0
7SVR_Arg_31_His,0,0,0
7SVR_Arg_31_Leu,0,0,0
7SVR_Leu_32_Met,5,4,-1
7SVR_Leu_32_Pro,0,0,0
7SVR_Ser_35_Leu,0,0,0
7SVR_Ile_37_Val,6,4,-2
7SVR_Tyr_38_His,7,16,9
7SVR_Tyr_38_Asn,0,0,0
7SVR_Tyr_38_Cys,0,0,0
7SVR_Gln_39_His,1,0,-1
7SVR_Ser_42_Phe,0,0,0
7SVR_Val_43_Ile,2,3,1
7SVR_Val_43_Ala,0,0,0
7SVR_Val_43_Leu,0,0,0
7SVR_Asp_44_Val,8,8,0
7SVR_Ala_46_Val,2,11,9
7SVR_Asn_48_Lys,2,4,2
7SVR_Leu_49_Pro,2,0,-2
7SVR_Lys_52_Ile,3,3,0
7SVR_Glu_54_Gly,10,0,-10
7SVR_Glu_56_Lys,6,14,8
7SVR_Trp_57_Arg,11,4,-7
7SVR_Asp_58_His,7,7,0
7SVR_Asp_58_Gly,0,0,0
7SVR_Asp_58_Val,0,0,0
7SVR_Glu_60_Asp,3,3,0
7SVR_Lys_64_Glu,4,0,-4
7SVR_Lys_65_Arg,4,0,-4
7SVR_Pro_67_Leu,2,9,7
7SVR_Lys_68_Glu,3,18,15
7SVR_Lys_68_Asn,0,0,0
7SVR_Ala_72_Thr,3,7,4
7SVR_Leu_73_Phe,2,15,13
7SVR_Arg_74_Trp,18,28,10
7SVR_Arg_74_Gln,0,0,0
7SVR_Arg_75_Gln,11,2,-9
7SVR_Arg_75_Leu,0,0,0
7SVR_Cys_76_Trp,2,49,47
7SVR_Cys_76_Arg,0,0,0
7SVR_Phe_78_Tyr,13,14,1
7SVR_Phe_78_Leu,0,0,0
7SVR_Trp_79_Arg,7,1,-6
7SVR_Phe_81_Leu,19,14,-5
7SVR_Phe_83_Leu,0,0,0
7SVR_Tyr_84_His,4,3,-1
7SVR_Tyr_84_Cys,0,0,0
7SVR_Gly_85_Glu,0,43,43
7SVR_Ile_86_Val,1,0,-1
7SVR_Phe_87_Ser,2,1,-1
7SVR_Leu_88_Phe,2,22,20
7SVR_Leu_88_Ser,0,0,0
7SVR_Tyr_89_Cys,8,6,-2
7SVR_Gly_91_Arg,0,22,22
7SVR_Thr_94_Ile,1,4,3
7SVR_Thr_94_Pro,0,0,0
7SVR_Val_97_Ala,1,0,-1
7SVR_Gln_98_Arg,6,34,28
7SVR_Pro_99_Leu,8,12,4
7SVR_Leu_102_Arg,7,27,20
7SVR_Arg_104_Gly,3,0,-3
7SVR_Ile_105_Val,8,5,-3
7SVR_Tyr_109_Asn,0,0,0
7SVR_Asp_110_His,0,0,0
7SVR_Asp_110_Glu,0,0,0
7SVR_Asp_110_Tyr,0,0,0
7SVR_Pro_111_Leu,0,0,0
7SVR_Asp_112_Gly,0,0,0
7SVR_Asp_112_Asn,0,0,0
7SVR_Glu_116_Gln,0,0,0
7SVR_Glu_116_Gly,0,0,0
7SVR_Glu_116_Ala,0,0,0
7SVR_Arg_117_His,0,0,0
7SVR_Arg_117_Cys,0,0,0
7SVR_Arg_117_Gly,0,0,0
7SVR_Arg_117_Leu,0,0,0
7SVR_Arg_117_Ser,0,0,0
7SVR_Ser_118_Phe,0,0,0
7SVR_Ser_118_Cys,0,0,0
7SVR_Ile_119_Val,0,0,0
7SVR_Ala_120_Thr,2,6,4
7SVR_Ala_120_Ser,0,0,0
7SVR_Ile_121_Phe,2,12,10
7SVR_Tyr_122_Cys,0,0,0
7SVR_Ile_125_Thr,2,1,-1
7SVR_Gly_126_Asp,0,0,0
7SVR_Gly_126_Ser,0,0,0
7SVR_Gly_126_Val,0,0,0
7SVR_Leu_130_Val,3,3,0
7SVR_Phe_131_Leu,18,8,-10
7SVR_Ile_132_Val,2,1,-1
7SVR_Ile_132_Thr,0,0,0
7SVR_Gly_134_Ala,11,0,-11
7SVR_Thr_135_Ser,11,3,-8
7SVR_Leu_138_Pro,6,2,-4
7SVR_Ser_138_Asn,0,0,0
7SVR_His_139_Pro,14,5,-9
7SVR_His_139_Tyr,0,0,0
7SVR_Pro_140_Ser,2,1,-1
7SVR_Pro_140_Arg,0,0,0
7SVR_Ala_141_Thr,1,5,4
7SVR_Met_142_Thr,7,4,-3
7SVR_Glu_144_Lys,0,21,21
7SVR_Glu_144_Asp,0,0,0
7SVR_His_147_Gln,10,16,6
7SVR_His_147_Asn,0,0,0
7SVR_Ile_148_Thr,6,2,-4
7SVR_Gly_149_Glu,0,13,13
7SVR_Met_150_Ile,10,16,6
7SVR_Gln_151_Lys,12,19,7
7SVR_Gln_151_Arg,0,0,0
7SVR_Gln_151_Pro,0,0,0
7SVR_Met_152_Leu,10,14,4
7SVR_Gly_152_Arg,0,0,0
7SVR_Met_152_Ile,0,0,0
7SVR_Arg_153_Lys,15,15,0
7SVR_Ile_154_Thr,4,2,-2
7SVR_Tyr_155_Asn,2,12,10
7SVR_Met_156_Val,2,1,-1
7SVR_Ser_158_Asn,6,12,6
7SVR_Ser_158_Thr,0,0,0
7SVR_Ser_158_Cys,0,0,0
7SVR_Leu_159_Ser,8,0,-8
7SVR_Ile_160_Val,6,2,-4
7SVR_Tyr_161_Cys,12,6,-6
7SVR_Thr_164_Ala,0,0,0
7SVR_Arg_170_His,0,0,0
7SVR_Arg_170_Cys,0,0,0
7SVR_Arg_170_Ser,0,0,0
7SVR_Val_171_Ile,0,4,4
7SVR_Leu_172_Ile,3,4,1
7SVR_Ser_176_Thr,2,0,-2
7SVR_Ser_176_Asn,0,0,0
7SVR_Ser_176_Arg,0,0,0
7SVR_Ile_177_Phe,0,0,0
7SVR_Ile_177_Thr,0,0,0
7SVR_Ile_177_Met,0,0,0
7SVR_Ile_177_Val,0,0,0
7SVR_Gly_178_Arg,0,5,5
7SVR_Gly_178_Glu,0,0,0
7SVR_Gln_179_Lys,3,9,6
7SVR_Leu_180_Val,2,1,-1
7SVR_Leu_183_Ile,6,8,2
7SVR_Arg_183_Lys,0,0,0
7SVR_Glu_185_Val,1,5,4
7SVR_His_186_Gln,0,0,0
7SVR_Asn_187_Lys,3,10,7
7SVR_Cys_187_Ser,0,0,0
7SVR_Cys_187_Gly,0,0,0
7SVR_Leu_188_Phe,4,15,11
7SVR_Leu_188_Pro,0,0,0
7SVR_Cys_190_Ser,0,0,0
7SVR_Phe_191_Val,3,5,2
7SVR_Glu_193_Gly,4,0,-4
7SVR_Glu_193_Lys,0,0,0
7SVR_Gly_194_Val,0,6,6
7SVR_Ala_196_Val,3,12,9
7SVR_Ala_198_Val,4,15,11
7SVR_Ala_198_Pro,0,0,0
7SVR_His_199_Arg,15,4,-11
7SVR_Phe_200_Leu,6,7,1
7SVR_Phe_200_Ile,0,0,0
7SVR_Val_201_Met,3,6,3
7SVR_Ala_204_Thr,1,3,2
7SVR_Ala_204_Ser,0,0,0
7SVR_Pro_205_Ser,0,0,0
7SVR_Pro_205_Leu,0,0,0
7SVR_Leu_206_Trp,3,63,60
7SVR_Gln_207_His,3,9,6
7SVR_Val_208_Ala,2,0,-2
7SVR_Ala_209_Ser,0,0,0
7SVR_Leu_210_Phe,3,11,8
7SVR_Met_212_Val,4,1,-3
7SVR_Gly_213_Glu,0,0,0
7SVR_Leu_214_Val,5,3,-2
7SVR_Trp_216_Arg,1,2,1
7SVR_Glu_217_Gly,0,0,0
7SVR_Glu_217_Lys,0,0,0
7SVR_Gln_220_Pro,0,7,7
7SVR_Ala_221_Val,0,1,1
7SVR_Phe_224_Leu,0,0,0
7SVR_Cys_225_Tyr,3,15,12
7SVR_Gly_226_Glu,0,11,11
7SVR_Gly_226_Val,0,0,0
7SVR_Phe_229_Tyr,5,4,-1
7SVR_Val_232_Asp,0,0,0
7SVR_Leu_233_Val,3,3,0
7SVR_Ala_234_Ser,0,0,0
7SVR_Phe_236_Ser,4,0,-4
7SVR_Gln_237_Glu,5,11,6
7SVR_Gly_239_Arg,0,0,0
7SVR_Gly_241_Arg,0,5,5
7SVR_Arg_242_Lys,0,0,0
7SVR_Met_243_Thr,0,1,1
7SVR_Met_243_Val,0,0,0
7SVR_Met_244_Val,2,1,-1
7SVR_Met_244_Ile,0,0,0
7SVR_Arg_248_Thr,0,0,0
7SVR_Arg_248_Lys,0,0,0
7SVR_Ala_252_Pro,0,1,1
7SVR_Ala_252_Ser,0,0,0
7SVR_Gly_253_Glu,0,0,0
7SVR_Gly_253_Arg,0,0,0
7SVR_Ile_255_Asn,7,4,-3
7SVR_Ile_255_Val,0,0,0
7SVR_Ser_256_Gly,0,0,0
7SVR_Ser_256_Asn,0,0,0
7SVR_Glu_257_Ala,0,0,0
7SVR_Arg_258_Gly,6,0,-6
7SVR_Arg_258_Ile,0,0,0
7SVR_Leu_259_Phe,3,17,14
7SVR_Leu_259_Val,0,0,0
7SVR_Val_260_Gly,0,0,0
7SVR_Val_260_Met,0,0,0
7SVR_Val_260_Ala,0,0,0
7SVR_Met_265_Arg,4,9,5
7SVR_Ile_269_Thr,3,1,-2
7SVR_Val_272_Ala,1,0,-1
7SVR_Lys_273_Gln,0,0,0
7SVR_Lys_273_Met,0,0,0
7SVR_Cys_276_Phe,0,7,7
7SVR_Glu_279_Asp,0,2,2
7SVR_Ala_280_Ser,1,3,2
7SVR_Met_281_Thr,4,2,-2
7SVR_Met_281_Val,0,0,0
7SVR_Glu_282_Asp,8,5,-3
7SVR_Lys_283_Arg,0,0,0
7SVR_Ile_285_Phe,6,26,20
7SVR_Ile_285_Thr,0,0,0
7SVR_Asn_287_Lys,0,6,6
7SVR_Asn_287_Ser,0,0,0
7SVR_Asn_287_Tyr,0,0,0
7SVR_Gln_290_Arg,4,3,-1
7SVR_Thr_291_Arg,3,2,-1
7SVR_Thr_291_Ile,0,0,0
7SVR_Thr_291_Ala,0,0,0
7SVR_Leu_293_Met,6,13,7
7SVR_Arg_297_Gln,13,4,-9
7SVR_Arg_297_Trp,0,0,0
7SVR_Ala_299_Thr,0,2,2
7SVR_Ala_300_Gly,2,0,-2
7SVR_Tyr_301_Cys,9,1,-8
7SVR_Phe_305_Val,4,0,-4
7SVR_Asn_306_Ser,2,1,-1
7SVR_Ala_309_Gly,1,0,-1
7SVR_Ala_309_Thr,0,0,0
7SVR_Phe_310_Leu,9,14,5
7SVR_Gly_314_Glu,0,30,30
7SVR_Phe_315_Ser,7,7,0
7SVR_Phe_316_Leu,2,3,1
7SVR_Val_317_Gly,2,0,-2
7SVR_Leu_320_Val,2,0,-2
7SVR_Leu_320_Phe,0,0,0
7SVR_Ser_321_Pro,0,1,1
7SVR_Val_322_Met,1,3,2
7SVR_Tyr_325_Cys,8,3,-5
7SVR_Leu_327_Arg,0,6,6
7SVR_Ile_331_Asn,3,3,0
7SVR_Leu_333_Phe,3,11,8
7SVR_Arg_334_Gln,4,2,-2
7SVR_Arg_334_Trp,0,0,0
7SVR_Arg_334_Leu,0,0,0
7SVR_Ile_336_Lys,1,2,1
7SVR_Ile_336_Thr,0,0,0
7SVR_Phe_337_Val,3,3,0
7SVR_Thr_338_Ile,1,3,2
7SVR_Thr_338_Ala,0,0,0
7SVR_Ile_340_Val,5,1,-4
7SVR_Cys_343_Phe,4,21,17
7SVR_Ile_344_Val,2,1,-1
7SVR_Arg_347_His,10,14,4
7SVR_Arg_347_Pro,0,0,0
7SVR_Arg_347_Cys,0,0,0
7SVR_Arg_347_Ser,0,0,0
7SVR_Met_348_Lys,8,8,0
7SVR_Met_348_Val,0,0,0
7SVR_Ala_349_Val,1,6,5
7SVR_Thr_351_Ser,3,2,-1
7SVR_Thr_351_Ile,0,0,0
7SVR_Arg_352_Trp,12,23,11
7SVR_Arg_352_Gln,0,0,0
7SVR_Gln_353_His,3,5,2
7SVR_Pro_355_Leu,0,0,0
7SVR_Thr_360_Ile,0,3,3
7SVR_Trp_361_Arg,5,15,10
7SVR_Asn_369_Ser,0,0,0
7SVR_Lys_370_Glu,1,6,5
7SVR_Ile_371_Met,7,9,2
7SVR_Ile_371_Thr,0,0,0
7SVR_Asp_373_Asn,0,0,0
7SVR_Asp_373_Tyr,0,0,0
7SVR_Asp_373_Val,0,0,0
7SVR_Leu_375_Phe,5,13,8
7SVR_Gln_378_Arg,0,1,1
7SVR_Glu_379_Asp,9,0,-9
7SVR_Tyr_380_Cys,9,1,-8
7SVR_Thr_382_Pro,0,0,0
7SVR_Glu_384_Asp,0,0,0
7SVR_Leu_387_Ser,0,0,0
7SVR_Thr_388_Met,0,0,0
7SVR_Thr_389_Ser,0,0,0
7SVR_Thr_390_Ile,0,0,0
7SVR_Thr_390_Ala,0,0,0
7SVR_Met_394_Thr,0,2,2
7SVR_Asn_396_Tyr,0,1,1
7SVR_Asn_396_Thr,0,0,0
7SVR_Ala_399_Val,1,1,0
7SVR_Ala_399_Gly,0,0,0
7SVR_Phe_400_Ser,0,0,0
7SVR_Trp_401_Cys,0,1,1
7SVR_Trp_401_Leu,0,0,0
7SVR_Gly_404_Arg,0,0,0
7SVR_Gly_404_Val,0,0,0
7SVR_Gly_404_Ala,0,0,0
7SVR_Gly_406_Glu,0,0,0
7SVR_Glu_407_Lys,0,0,0
7SVR_Glu_407_Val,0,0,0
7SVR_Phe_409_Ile,0,0,0
7SVR_Lys_411_Glu,0,0,0
7SVR_Ala_412_Ser,0,0,0
7SVR_Gln_414_Pro,0,0,0
7SVR_Asn_416_Ser,0,0,0
7SVR_Asn_416_Asp,0,0,0
7SVR_Asn_418_Ser,0,0,0
7SVR_Asn_423_Lys,0,0,0
7SVR_Gly_424_Ser,0,0,0
7SVR_Leu_428_Ile,0,0,0
7SVR_Ser_431_Gly,0,0,0
7SVR_Leu_435_Pro,0,0,0
7SVR_Gly_437_Asp,0,0,0
7SVR_Thr_438_Ala,0,0,0
7SVR_Pro_439_Thr,0,0,0
7SVR_Val_440_Ala,0,0,0
7SVR_Leu_441_Pro,0,2,2
7SVR_Asp_443_Tyr,0,2,2
7SVR_Asp_443_Glu,0,0,0
7SVR_Ile_444_Thr,0,1,1
7SVR_Ile_444_Val,0,0,0
7SVR_Lys_447_Arg,0,3,3
7SVR_Ile_448_Thr,0,0,0
7SVR_Glu_449_Gly,1,0,-1
7SVR_Arg_450_Ile,0,0,0
7SVR_Gly_451_Arg,0,0,0
7SVR_Gln_452_Arg,1,8,7
7SVR_Ala_455_Val,1,2,1
7SVR_Ala_455_Glu,0,0,0
7SVR_Val_456_Ala,0,0,0
7SVR_Ser_459_Phe,0,2,2
7SVR_Ala_462_Val,0,2,2
7SVR_Thr_465_Asn,0,0,0
7SVR_Ser_466_Leu,0,2,2
7SVR_Leu_467_Phe,0,2,2
7SVR_Leu_467_Pro,0,0,0
7SVR_Met_469_Ile,0,4,4
7SVR_Met_469_Val,0,0,0
7SVR_Val_470_Met,0,5,5
7SVR_Ile_471_Val,0,1,1
7SVR_Glu_474_Gln,0,15,15
7SVR_Pro_477_Ser,1,1,0
7SVR_Pro_477_Thr,0,0,0
7SVR_Glu_479_Asp,1,3,2
7SVR_Glu_479_Gly,0,0,0
7SVR_Gly_480_Cys,0,2,2
7SVR_His_484_Tyr,1,1,0
7SVR_Ser_485_Cys,1,2,1
7SVR_Ser_485_Thr,0,0,0
7SVR_Arg_487_Lys,0,3,3
7SVR_Phe_490_Cys,1,2,1
7SVR_Cys_491_Phe,1,10,9
7SVR_Ser_492_Phe,0,7,7
7SVR_Gln_493_Arg,0,1,1
7SVR_Ser_495_Phe,1,9,8
7SVR_Met_498_Thr,0,0,0
7SVR_Pro_499_Ala,0,0,0
7SVR_Pro_499_Ser,0,0,0
7SVR_Gly_500_Asp,0,5,5
7SVR_Gly_500_Ser,0,0,0
7SVR_Ile_502_Thr,0,0,0
7SVR_Ile_502_Val,0,0,0
7SVR_Ile_506_Val,1,2,1
7SVR_Ile_506_Thr,0,0,0
7SVR_Ile_506_Leu,0,0,0
7SVR_Ile_507_Val,0,1,1
7SVR_Phe_508_Cys,0,0,0
7SVR_Phe_508_Val,0,0,0
7SVR_Phe_508_Leu,0,0,0
7SVR_Val_510_Ile,0,2,2
7SVR_Asp_513_Gly,1,0,-1
7SVR_Asp_513_Tyr,0,0,0
7SVR_Tyr_515_His,0,0,0
7SVR_Ser_519_Asn,0,0,0
7SVR_Val_520_Ile,0,1,1
7SVR_Val_520_Phe,0,0,0
7SVR_Ile_521_Leu,2,10,8
7SVR_Ile_521_Phe,0,0,0
7SVR_Cys_524_Arg,1,8,7
7SVR_Glu_527_Gly,1,0,-1
7SVR_Glu_527_Gln,0,0,0
7SVR_Glu_528_Lys,0,0,0
7SVR_Ile_530_Met,0,1,1
7SVR_Ile_530_Asn,0,0,0
7SVR_Lys_532_Asn,0,1,1
7SVR_Ala_534_Glu,0,0,0
7SVR_Ala_534_Ser,0,0,0
7SVR_Lys_536_Glu,0,1,1
7SVR_Asn_538_Lys,0,0,0
7SVR_Asn_538_Tyr,0,0,0
7SVR_Ile_539_Thr,0,0,0
7SVR_Val_540_Ile,0,0,0
7SVR_Val_540_Ala,0,0,0
7SVR_Gly_542_Glu,0,0,0
7SVR_Gly_542_Arg,0,0,0
7SVR_Gly_544_Ser,0,1,1
7SVR_Ile_546_Phe,0,0,0
7SVR_Thr_547_Ile,0,1,1
7SVR_Thr_547_Ala,0,0,0
7SVR_Leu_548_Pro,1,1,0
7SVR_Ser_549_Asn,0,1,1
7SVR_Ser_549_Arg,0,0,0
7SVR_Gly_551_Asp,0,0,0
7SVR_Gly_551_Ser,0,0,0
7SVR_Arg_553_Gln,0,1,1
7SVR_Arg_553_Pro,0,0,0
7SVR_Ile_556_Val,0,0,0
7SVR_Ser_557_Thr,1,4,3
7SVR_Leu_558_Ser,0,0,0
7SVR_Ala_559_Thr,1,2,1
7SVR_Ala_559_Ser,0,0,0
7SVR_Arg_560_Thr,0,0,0
7SVR_Arg_560_Ser,0,0,0
7SVR_Ala_561_Glu,1,8,7
7SVR_Ala_561_Ser,0,0,0
7SVR_Val_562_Ile,0,1,1
7SVR_Val_562_Leu,0,0,0
7SVR_Tyr_563_Asn,0,0,0
7SVR_Lys_564_Arg,0,4,4
7SVR_Lys_564_Glu,0,0,0
7SVR_Asp_565_His,0,0,0
7SVR_Asp_565_Tyr,0,0,0
7SVR_Ala_566_Asp,0,2,2
7SVR_Asp_567_Asn,1,4,3
7SVR_Tyr_569_Asp,0,0,0
7SVR_Asp_572_Glu,0,1,1
7SVR_Ser_573_Phe,0,5,5
7SVR_Ser_573_Cys,0,0,0
7SVR_Pro_574_His,0,3,3
7SVR_Phe_575_Tyr,0,5,5
7SVR_Phe_575_Ile,0,0,0
7SVR_Gly_576_Ala,0,0,0
7SVR_Gly_576_Val,0,0,0
7SVR_Tyr_577_Cys,1,1,0
7SVR_Tyr_577_Phe,0,0,0
7SVR_Asp_579_Gly,1,0,-1
7SVR_Thr_582_Ser,1,1,0
7SVR_Glu_583_Gly,0,0,0
7SVR_Glu_585_Lys,0,0,0
7SVR_Phe_587_Val,0,1,1
7SVR_Phe_587_Ile,0,0,0
7SVR_Glu_588_Lys,0,0,0
7SVR_Glu_588_Gly,0,0,0
7SVR_Glu_588_Ala,0,0,0
7SVR_Ser_589_Thr,1,2,1
7SVR_Cys_592_Tyr,0,4,4
7SVR_Met_595_Val,0,0,0
7SVR_Met_595_Leu,0,0,0
7SVR_Asn_597_Lys,0,0,0
7SVR_Thr_599_Ser,0,0,0
7SVR_Ile_601_Val,0,0,0
7SVR_Ile_601_Phe,0,0,0
7SVR_Val_603_Ile,0,3,3
7SVR_Ser_605_Pro,0,0,0
7SVR_Leu_610_Ile,0,0,0
7SVR_Leu_610_Phe,0,0,0
7SVR_Asp_614_Gly,0,0,0
7SVR_Ile_616_Val,0,0,0
7SVR_Leu_617_Phe,1,7,6
7SVR_Ile_618_Thr,0,0,0
7SVR_His_620_Arg,0,3,3
7SVR_His_620_Leu,0,0,0
7SVR_Gly_622_Asp,0,0,0
7SVR_Tyr_625_Asn,0,3,3
7SVR_Phe_626_Leu,0,1,1
7SVR_Tyr_627_Cys,1,1,0
7SVR_Gly_628_Arg,0,13,13
7SVR_Thr_629_Ala,0,0,0
7SVR_Leu_633_Ile,0,1,1
7SVR_Asn_635_Thr,0,0,0
7SVR_Leu_636_Pro,0,0,0
7SVR_Pro_638_Ser,0,0,0
7SVR_Ser_641_Gly,0,0,0
7SVR_Met_645_Thr,1,1,0
7SVR_Met_645_Lys,0,0,0
7SVR_Asp_648_Asn,0,0,0
7SVR_Phe_650_Leu,0,0,0
7SVR_Asp_651_Asn,0,0,0
7SVR_Gln_652_Glu,0,0,0
7SVR_Gln_652_Lys,0,0,0
7SVR_Phe_653_Val,0,0,0
7SVR_Ser_654_Gly,0,0,0
7SVR_Glu_656_Gln,0,0,0
7SVR_Ile_661_Met,0,0,0
7SVR_Ile_661_Val,0,0,0
7SVR_Ile_661_Thr,0,0,0
7SVR_His_667_Tyr,0,0,0
7SVR_Arg_668_Cys,0,0,0
7SVR_Arg_668_His,0,0,0
7SVR_Glu_672_Lys,0,0,0
7SVR_Asp_674_Gly,0,0,0
7SVR_Asp_674_Val,0,0,0
7SVR_Ala_675_Val,0,0,0
7SVR_Pro_676_Ala,0,0,0
7SVR_Pro_676_Ser,0,0,0
7SVR_Glu_681_Val,0,0,0
7SVR_Lys_684_Thr,0,0,0
7SVR_Ser_686_Tyr,0,0,0
7SVR_Ser_686_Thr,0,0,0
7SVR_Lys_688_Gln,0,0,0
7SVR_Thr_690_Ala,0,0,0
7SVR_Gly_691_Arg,0,0,0
7SVR_Phe_693_Leu,0,0,0
7SVR_Glu_695_Gly,0,0,0
7SVR_Asn_699_Lys,0,0,0
7SVR_Asn_703_Ile,0,0,0
7SVR_Pro_704_Leu,0,0,0
7SVR_Pro_704_Arg,0,0,0
7SVR_Ile_705_Val,0,0,0
7SVR_Ser_707_Cys,0,0,0
7SVR_Ile_708_Thr,0,0,0
7SVR_Arg_709_Gln,0,0,0
7SVR_Val_714_Leu,0,0,0
7SVR_Gln_715_His,0,0,0
7SVR_Pro_718_Arg,0,0,0
7SVR_Gln_720_Arg,0,0,0
7SVR_Gly_723_Val,0,0,0
7SVR_Glu_725_Lys,0,0,0
7SVR_Asp_727_Ala,0,0,0
7SVR_Pro_731_Leu,0,0,0
7SVR_Ser_737_Phe,0,0,0
7SVR_Ser_737_Thr,0,0,0
7SVR_Pro_740_Leu,0,0,0
7SVR_Gln_744_Pro,0,0,0
7SVR_Ala_747_Val,0,0,0
7SVR_Pro_750_Leu,0,0,0
7SVR_Arg_751_Cys,0,0,0
7SVR_Arg_751_His,0,0,0
7SVR_Arg_751_Leu,0,0,0
7SVR_Ile_752_Ser,0,0,0
7SVR_Ser_753_Gly,0,0,0
7SVR_Ser_753_Asn,0,0,0
7SVR_Val_754_Met,0,0,0
7SVR_Ile_755_Phe,0,0,0
7SVR_Ser_756_Cys,0,0,0
7SVR_Thr_757_Ser,0,0,0
7SVR_Thr_760_Met,0,0,0
7SVR_Thr_760_Arg,0,0,0
7SVR_Arg_764_Gln,0,0,0
7SVR_Arg_765_Lys,0,0,0
7SVR_Arg_766_Lys,0,0,0
7SVR_Gln_767_His,0,0,0
7SVR_Ser_768_Phe,0,0,0
7SVR_Val_769_Ile,0,0,0
7SVR_His_775_Tyr,0,0,0
7SVR_His_775_Arg,0,0,0
7SVR_Ser_776_Leu,0,0,0
7SVR_Gln_781_His,0,0,0
7SVR_Ile_783_Val,0,0,0
7SVR_Arg_785_Gln,0,0,0
7SVR_Arg_785_Pro,0,0,0
7SVR_Lys_786_Asn,0,0,0
7SVR_Arg_792_Gly,0,0,0
7SVR_Arg_792_Gln,0,0,0
7SVR_Val_794_Leu,0,0,0
7SVR_Leu_796_Pro,0,0,0
7SVR_Pro_798_Ser,0,0,0
7SVR_Gln_799_Lys,0,0,0
7SVR_Ala_800_Ser,0,0,0
7SVR_Ala_800_Val,0,0,0
7SVR_Asn_801_Tyr,0,0,0
7SVR_Leu_802_Phe,0,0,0
7SVR_Asp_806_Gly,0,0,0
7SVR_Ile_807_Met,0,0,0
7SVR_Arg_810_Gly,0,0,0
7SVR_Arg_811_Ser,0,0,0
7SVR_Gly_817_Val,0,0,0
7SVR_Ser_821_Asn,0,0,0
7SVR_Glu_823_Asp,0,0,0
7SVR_Glu_826_Lys,0,0,0
7SVR_Glu_826_Asp,0,0,0
7SVR_Asp_828_Asn,0,0,0
7SVR_Asp_828_Glu,0,0,0
7SVR_Cys_832_Tyr,0,0,0
7SVR_Cys_832_Gly,0,0,0
7SVR_Phe_834_Leu,0,0,0
7SVR_Asp_836_Tyr,0,0,0
7SVR_Met_837_Thr,0,0,0
7SVR_Asn_847_Ser,1,1,0
7SVR_Tyr_849_Cys,2,0,-2
7SVR_Arg_851_Gln,11,6,-5
7SVR_Ile_853_Val,1,1,0
7SVR_Ile_853_Phe,0,0,0
7SVR_Thr_854_Ile,1,3,2
7SVR_Val_855_Ile,3,8,5
7SVR_Lys_857_Asn,0,0,0
7SVR_Leu_859_Phe,2,14,12
7SVR_Val_862_Leu,2,5,3
7SVR_Cys_866_Tyr,1,26,25
7SVR_Glu_873_Val,0,2,2
7SVR_Val_874_Leu,4,13,9
7SVR_Ala_876_Val,0,0,0
7SVR_Ser_877_Ala,1,0,-1
7SVR_Thr_887_Pro,0,0,0
7SVR_Thr_887_Asn,0,0,0
7SVR_Pro_888_His,0,0,0
7SVR_Leu_889_Phe,0,0,0
7SVR_Leu_889_Val,0,0,0
7SVR_Gln_890_Arg,0,0,0
7SVR_Asp_891_Gly,0,0,0
7SVR_Asp_891_Asn,0,0,0
7SVR_Asn_894_Lys,0,0,0
7SVR_Asn_894_Ser,0,0,0
7SVR_Ser_895_Asn,0,0,0
7SVR_Ser_895_Thr,0,0,0
7SVR_Thr_896_Ile,0,0,0
7SVR_His_897_Tyr,0,0,0
7SVR_Ser_898_Arg,0,0,0
7SVR_Asn_901_Ile,0,0,0
7SVR_Tyr_903_Cys,0,0,0
7SVR_Val_905_Leu,0,0,0
7SVR_Ile_907_Ser,0,0,0
7SVR_Ile_907_Val,0,0,0
7SVR_Thr_908_Asn,0,0,0
7SVR_Thr_910_Ser,0,0,0
7SVR_Ser_911_Asn,0,0,0
7SVR_Ser_912_Leu,0,0,0
7SVR_Tyr_913_Cys,2,1,-1
7SVR_Val_915_Leu,0,1,1
7SVR_Ile_918_Val,8,3,-5
7SVR_Tyr_919_Cys,1,2,1
7SVR_Val_920_Met,3,11,8
7SVR_Val_920_Leu,0,0,0
7SVR_Gly_921_Arg,0,44,44
7SVR_Val_922_Gly,1,0,-1
7SVR_Asp_924_Asn,6,1,-5
7SVR_Thr_925_Asn,6,4,-2
7SVR_Leu_926_Phe,4,18,14
7SVR_Leu_926_Ser,0,0,0
7SVR_Gly_934_Ser,0,13,13
7SVR_Pro_936_Thr,0,0,0
7SVR_Pro_936_Leu,0,0,0
7SVR_Val_938_Leu,1,3,2
7SVR_Val_938_Gly,0,0,0
7SVR_Val_938_Met,0,0,0
7SVR_His_939_Asp,10,12,2
7SVR_His_939_Gln,0,0,0
7SVR_Val_944_Ala,7,0,-7
7SVR_Ser_945_Leu,4,16,12
7SVR_Lys_946_Glu,8,5,-3
7SVR_Lys_946_Gln,0,0,0
7SVR_Leu_948_Phe,4,22,18
7SVR_His_949_Leu,7,13,6
7SVR_His_949_Tyr,0,0,0
7SVR_His_950_Arg,5,33,28
7SVR_Lys_951_Glu,2,2,0
7SVR_Lys_951_Thr,0,0,0
7SVR_Met_952_Thr,9,3,-6
7SVR_Met_952_Ile,0,0,0
7SVR_His_954_Tyr,9,45,36
7SVR_Ala_959_Val,2,11,9
7SVR_Ala_959_Thr,0,0,0
7SVR_Pro_960_Ser,5,0,-5
7SVR_Pro_960_Leu,0,0,0
7SVR_Met_961_Thr,6,1,-5
7SVR_Met_961_Ile,0,0,0
7SVR_Met_961_Val,0,0,0
7SVR_Leu_964_Phe,1,4,3
7SVR_Asn_965_Lys,1,1,0
7SVR_Leu_967_Ser,3,4,1
7SVR_Gly_970_Asp,0,1,1
7SVR_Phe_976_Ser,7,0,-7
7SVR_Phe_976_Leu,0,0,0
7SVR_Ser_977_Phe,2,31,29
7SVR_Ser_977_Ala,0,0,0
7SVR_Ser_977_Cys,0,0,0
7SVR_Ser_977_Pro,0,0,0
7SVR_Lys_978_Arg,0,1,1
7SVR_Asp_979_Ala,5,2,-3
7SVR_Asp_979_Gly,0,0,0
7SVR_Ile_980_Lys,6,22,16
7SVR_Ile_982_Val,1,1,0
7SVR_Asp_984_Asn,5,6,1
7SVR_Asp_985_Asn,8,6,-2
7SVR_Asp_985_Glu,0,0,0
7SVR_Leu_986_Pro,1,4,3
7SVR_Thr_990_Asn,1,1,0
7SVR_Thr_990_Ser,0,0,0
7SVR_Ile_991_Val,6,4,-2
7SVR_Ile_991_Met,0,0,0
7SVR_Phe_992_Leu,8,3,-5
7SVR_Asp_993_Gly,1,0,-1
7SVR_Phe_994_Leu,2,3,1
7SVR_Phe_994_Cys,0,0,0
7SVR_Ile_995_Asn,4,1,-3
7SVR_Ile_995_Leu,0,0,0
7SVR_Leu_997_Phe,4,15,11
7SVR_Val_1001_Leu,1,6,5
7SVR_Ile_1002_Phe,1,0,-1
7SVR_Gly_1003_Glu,0,27,27
7SVR_Ala_1004_Gly,2,0,-2
7SVR_Ile_1005_Arg,2,12,10
7SVR_Ala_1006_Thr,0,0,0
7SVR_Ala_1006_Glu,0,0,0
7SVR_Val_1008_Asp,3,4,1
7SVR_Ala_1009_Thr,0,2,2
7SVR_Ala_1009_Val,0,0,0
7SVR_Pro_1013_His,0,0,0
7SVR_Pro_1013_Leu,0,0,0
7SVR_Pro_1013_Arg,0,0,0
7SVR_Tyr_1014_Cys,1,1,0
7SVR_Phe_1016_Ser,1,1,0
7SVR_Ala_1018_Thr,0,1,1
7SVR_Pro_1021_Thr,1,0,-1
7SVR_Pro_1021_Ser,0,0,0
7SVR_Val_1022_Met,5,8,3
7SVR_Ile_1023_Val,3,2,-1
7SVR_Ile_1023_Arg,0,0,0
7SVR_Ala_1025_Ser,0,0,0
7SVR_Ala_1025_Val,0,0,0
7SVR_Ile_1027_Thr,1,0,-1
7SVR_Met_1028_Val,0,1,1
7SVR_Met_1028_Arg,0,0,0
7SVR_Met_1028_Ile,0,0,0
7SVR_Leu_1029_Met,8,3,-5
7SVR_Ala_1031_Val,0,0,0
7SVR_Tyr_1032_Cys,9,1,-8
7SVR_Thr_1036_Asn,3,6,3
7SVR_Gln_1039_Arg,3,2,-1
7SVR_Lys_1041_Gln,3,6,3
7SVR_Glu_1044_Gln,7,9,2
7SVR_Gly_1047_Val,0,3,3
7SVR_Ser_1049_Asn,0,1,1
7SVR_Pro_1050_Ala,0,0,0
7SVR_Ile_1051_Val,3,1,-2
7SVR_Ile_1051_Phe,0,0,0
7SVR_Phe_1052_Val,1,0,-1
7SVR_Phe_1052_Leu,0,0,0
7SVR_Thr_1053_Ile,0,1,1
7SVR_His_1054_Gln,7,4,-3
7SVR_His_1054_Tyr,0,0,0
7SVR_Thr_1057_Ala,0,0,0
7SVR_Gly_1061_Arg,0,9,9
7SVR_Leu_1065_Phe,3,13,10
7SVR_Arg_1066_His,15,15,0
7SVR_Arg_1066_Cys,0,0,0
7SVR_Ala_1067_Val,1,2,1
7SVR_Ala_1067_Thr,0,0,0
7SVR_Gly_1069_Arg,0,0,0
7SVR_Arg_1070_Gln,0,1,1
7SVR_Arg_1070_Trp,0,0,0
7SVR_Gln_1071_Arg,2,17,15
7SVR_Phe_1074_Leu,6,7,1
7SVR_Leu_1077_Pro,6,4,-2
7SVR_Lys_1080_Arg,0,2,2
7SVR_Lys_1080_Gln,0,0,0
7SVR_Lys_1080_Glu,0,0,0
7SVR_Ala_1081_Gly,0,0,0
7SVR_His_1085_Pro,4,3,-1
7SVR_Thr_1086_Ser,3,2,-1
7SVR_Thr_1086_Ala,0,0,0
7SVR_Trp_1089_Cys,11,4,-7
7SVR_Phe_1090_Leu,5,5,0
7SVR_Leu_1091_Phe,7,21,14
7SVR_Tyr_1092_His,5,4,-1
7SVR_Tyr_1092_Cys,0,0,0
7SVR_Arg_1097_Cys,15,3,-12
7SVR_Arg_1097_His,0,0,0
7SVR_Arg_1097_Pro,0,0,0
7SVR_Trp_1098_Cys,15,6,-9
7SVR_Phe_1099_Leu,19,31,12
7SVR_Gln_1100_Pro,2,3,1
7SVR_Met_1101_Lys,7,21,14
7SVR_Met_1101_Ile,0,0,0
7SVR_Arg_1102_Lys,11,21,10
7SVR_Ile_1106_Thr,4,4,0
7SVR_Val_1108_Leu,3,8,5
7SVR_Ile_1109_Val,0,0,0
7SVR_Phe_1111_Leu,16,16,0
7SVR_Val_1114_Leu,9,13,4
7SVR_Phe_1116_Ser,2,0,-2
7SVR_Ile_1117_Thr,1,1,0
7SVR_Ser_1118_Phe,1,18,17
7SVR_Ser_1118_Cys,0,0,0
7SVR_Gly_1130_Ala,0,7,7
7SVR_Gly_1130_Val,0,0,0
7SVR_Gly_1130_Ser,0,0,0
7SVR_Ile_1131_Val,3,2,-1
7SVR_Ala_1136_Thr,1,5,4
7SVR_Met_1137_Val,10,2,-8
7SVR_Met_1137_Thr,0,0,0
7SVR_Ile_1139_Val,3,2,-1
7SVR_Met_1140_Val,6,12,6
7SVR_Ala_1146_Val,1,5,4
7SVR_Ala_1146_Asp,0,0,0
7SVR_Val_1147_Glu,1,17,16
7SVR_Asn_1148_Lys,1,1,0
7SVR_Ile_1151_Val,3,0,-3
7SVR_Asp_1152_His,0,0,0
7SVR_Val_1153_Glu,2,16,14
7SVR_Val_1153_Met,0,0,0
7SVR_Asp_1154_Glu,1,15,14
7SVR_Asp_1154_Gly,0,0,0
7SVR_Leu_1156_Phe,2,6,4
7SVR_Met_1157_Ile,4,7,3
7SVR_Arg_1158_Gln,8,3,-5
7SVR_Ser_1159_Pro,3,4,1
7SVR_Ser_1159_Phe,0,0,0
7SVR_Arg_1162_Leu,4,2,-2
7SVR_Arg_1162_Gln,0,0,0
7SVR_Val_1163_Gly,5,0,-5
7SVR_Lys_1165_Arg,4,12,8
7SVR_Ile_1167_Val,2,0,-2
7SVR_Asp_1168_Gly,3,0,-3
7SVR_Thr_1171_Ala,2,0,-2
7SVR_Glu_1172_Gln,0,7,7
7SVR_Gly_1173_Ser,0,0,0
7SVR_Lys_1174_Thr,0,0,0
7SVR_Lys_1177_Arg,0,0,0
7SVR_Lys_1177_Thr,0,0,0
7SVR_Pro_1181_Gln,0,0,0
7SVR_Tyr_1182_His,0,0,0
7SVR_Lys_1183_Asn,0,0,0
7SVR_Asn_1184_Lys,0,0,0
7SVR_Gln_1186_His,0,0,0
7SVR_Leu_1187_Val,0,0,0
7SVR_Leu_1187_Ile,0,0,0
7SVR_Ser_1188_Pro,0,0,0
7SVR_Ser_1188_Leu,0,0,0
7SVR_Met_1191_Thr,0,0,0
7SVR_His_1197_Leu,0,0,0
7SVR_His_1197_Arg,0,0,0
7SVR_Val_1198_Met,0,0,0
7SVR_Val_1198_Leu,0,0,0
7SVR_Lys_1199_Arg,0,0,0
7SVR_Lys_1200_Gln,0,0,0
7SVR_Asp_1201_Tyr,0,0,0
7SVR_Ile_1203_Phe,0,0,0
7SVR_Ile_1203_Val,0,0,0
7SVR_Gly_1208_Asp,0,2,2
7SVR_Gln_1209_Lys,0,4,4
7SVR_Met_1210_Leu,2,4,2
7SVR_Thr_1216_Ala,0,0,0
7SVR_Ala_1217_Val,2,6,4
7SVR_Tyr_1219_His,0,8,8
7SVR_Thr_1220_Ile,0,0,0
7SVR_Gly_1223_Arg,0,10,10
7SVR_Asn_1224_Lys,0,0,0
7SVR_Ala_1225_Val,0,0,0
7SVR_Ile_1226_Thr,2,5,3
7SVR_Leu_1227_Ser,1,2,1
7SVR_Glu_1228_Gln,0,0,0
7SVR_Glu_1228_Gly,0,0,0
7SVR_Asn_1229_Lys,0,0,0
7SVR_Ile_1230_Thr,1,3,2
7SVR_Ile_1230_Val,0,0,0
7SVR_Ile_1234_Val,1,2,1
7SVR_Ser_1235_Arg,0,4,4
7SVR_Gly_1237_Asp,0,0,0
7SVR_Gln_1238_Lys,0,0,0
7SVR_Val_1240_Gly,0,0,0
7SVR_Gly_1241_Asp,0,6,6
7SVR_Leu_1242_Phe,1,4,3
7SVR_Gly_1244_Glu,0,6,6
7SVR_Gly_1244_Val,0,0,0
7SVR_Thr_1246_Ile,0,3,3
7SVR_Thr_1246_Ser,0,0,0
7SVR_Ser_1248_Leu,1,3,2
7SVR_Gly_1249_Glu,0,0,0
7SVR_Gly_1249_Arg,0,0,0
7SVR_Ser_1251_Asn,0,0,0
7SVR_Ser_1251_Arg,0,0,0
7SVR_Leu_1254_Phe,0,3,3
7SVR_Ser_1255_Thr,0,1,1
7SVR_Ser_1255_Leu,0,0,0
7SVR_Ala_1256_Val,1,4,3
7SVR_Phe_1257_Leu,0,0,0
7SVR_Arg_1259_Thr,0,0,0
7SVR_Thr_1263_Ile,2,7,5
7SVR_Glu_1264_Gly,0,0,0
7SVR_Gln_1268_Arg,0,0,0
7SVR_Ile_1269_Met,1,1,0
7SVR_Asp_1270_Asn,0,1,1
7SVR_Asp_1270_Gly,0,0,0
7SVR_Val_1272_Glu,0,0,0
7SVR_Val_1272_Gly,0,0,0
7SVR_Ile_1277_Val,0,1,1
7SVR_Ile_1277_Thr,0,0,0
7SVR_Leu_1279_Trp,0,16,16
7SVR_Gln_1281_Arg,0,0,0
7SVR_Trp_1282_Cys,0,1,1
7SVR_Arg_1283_Lys,0,5,5
7SVR_Ala_1285_Val,0,0,0
7SVR_Val_1288_Ala,0,0,0
7SVR_Ile_1289_Val,1,2,1
7SVR_Pro_1290_Leu,0,3,3
7SVR_Pro_1290_Thr,0,0,0
7SVR_Gln_1291_His,0,8,8
7SVR_Gln_1291_Arg,0,0,0
7SVR_Val_1293_Ile,1,5,4
7SVR_Val_1293_Leu,0,0,0
7SVR_Thr_1299_Ala,0,0,0
7SVR_Phe_1300_Leu,0,0,0
7SVR_Asn_1303_Lys,0,4,4
7SVR_Asn_1303_Ile,0,0,0
7SVR_Asn_1303_Tyr,0,0,0
7SVR_Leu_1304_Val,0,0,0
7SVR_Pro_1306_Ser,0,0,0
7SVR_Tyr_1307_Asn,0,0,0
7SVR_Gln_1309_Glu,0,0,0
7SVR_Trp_1310_Gly,0,0,0
7SVR_Ser_1311_Arg,1,1,0
7SVR_Asp_1312_Gly,0,0,0
7SVR_Gln_1313_Lys,0,0,0
7SVR_Val_1318_Ala,0,0,0
7SVR_Val_1318_Ile,0,0,0
7SVR_Val_1322_Phe,0,4,4
7SVR_Val_1322_Ile,0,0,0
7SVR_Val_1327_Leu,0,0,0
7SVR_Ile_1328_Thr,0,1,1
7SVR_Ile_1328_Met,0,0,0
7SVR_Ile_1328_Val,0,0,0
7SVR_Gln_1330_Glu,0,0,0
7SVR_Phe_1331_Leu,0,0,0
7SVR_Phe_1331_Ile,0,0,0
7SVR_Leu_1335_Phe,0,1,1
7SVR_Phe_1337_Val,0,2,2
7SVR_Leu_1339_Pro,0,1,1
7SVR_Asp_1341_Gly,0,0,0
7SVR_Gly_1343_Ser,0,3,3
7SVR_Gly_1343_Ala,0,0,0
7SVR_Gly_1343_Asp,0,0,0
7SVR_Cys_1344_Ser,0,0,0
7SVR_Leu_1346_Gln,1,3,2
7SVR_Ser_1347_Asn,0,0,0
7SVR_Gly_1349_Ser,0,2,2
7SVR_Lys_1351_Asn,0,3,3
7SVR_Gln_1352_His,0,0,0
7SVR_Gln_1352_Glu,0,0,0
7SVR_Met_1354_Thr,0,0,0
7SVR_Met_1354_Ile,0,0,0
7SVR_Cys_1355_Gly,1,0,-1
7SVR_Cys_1355_Phe,0,0,0
7SVR_Arg_1358_Gly,0,0,0
7SVR_Ser_1359_Cys,0,0,0
7SVR_Leu_1361_Val,0,0,0
7SVR_Ser_1362_Asn,0,0,0
7SVR_Ser_1362_Thr,0,0,0
7SVR_Lys_1363_Arg,0,0,0
7SVR_Ala_1364_Val,0,0,0
7SVR_Ile_1366_Phe,0,4,4
7SVR_Ile_1366_Thr,0,0,0
7SVR_Ile_1366_Asn,0,0,0
7SVR_Leu_1369_Phe,1,8,7
7SVR_Asp_1370_Gly,0,0,0
7SVR_Asp_1370_His,0,0,0
7SVR_Pro_1372_Leu,0,0,0
7SVR_His_1375_Asn,0,1,1
7SVR_His_1375_Arg,0,0,0
7SVR_Asp_1377_Asn,1,1,0
7SVR_Asp_1377_His,0,0,0
7SVR_Pro_1378_Leu,0,0,0
7SVR_Val_1379_Leu,0,0,0
7SVR_Thr_1380_Ile,2,5,3
7SVR_Tyr_1381_His,1,2,1
7SVR_Tyr_1381_Ser,0,0,0
7SVR_Tyr_1381_Cys,0,0,0
7SVR_Gln_1382_Lys,0,0,0
7SVR_Gln_1382_His,0,0,0
7SVR_Arg_1385_Gly,0,0,0
7SVR_Arg_1386_Gly,0,0,0
7SVR_Phe_1392_Leu,0,0,0
7SVR_Asp_1394_Gly,0,0,0
7SVR_Asp_1394_His,0,0,0
7SVR_Cys_1395_Phe,0,0,0
7SVR_Thr_1396_Pro,0,0,0
7SVR_Thr_1396_Arg,0,0,0
7SVR_Ile_1398_Ser,0,0,0
7SVR_Arg_1403_Lys,0,3,3
7SVR_Arg_1403_Gly,0,0,0
7SVR_Glu_1409_Lys,0,0,0
7SVR_Cys_1410_Trp,1,11,10
7SVR_Cys_1410_Ser,0,0,0
7SVR_Gln_1411_Pro,0,2,2
7SVR_Phe_1413_Leu,0,2,2
7SVR_Val_1415_Gly,1,0,-1
7SVR_Val_1415_Asp,0,0,0
7SVR_Asn_1419_Lys,0,0,0
7SVR_Val_1421_Leu,0,1,1
7SVR_Val_1421_Met,0,0,0
7SVR_Arg_1422_Trp,0,0,0
7SVR_Arg_1422_Gln,0,0,0
7SVR_Arg_1422_Pro,0,0,0
7SVR_Ser_1426_Phe,0,5,5
7SVR_Ser_1426_Pro,0,0,0
7SVR_Ser_1426_Tyr,0,0,0
7SVR_Leu_1431_Arg,0,2,2
7SVR_Asn_1432_Lys,0,0,0
7SVR_Glu_1433_Lys,0,3,3
7SVR_Leu_1436_Phe,0,1,1
7SVR_Arg_1438_Trp,0,0,0
7SVR_Ala_1440_Thr,0,0,0
7SVR_Ile_1441_Thr,0,0,0
7SVR_Ile_1441_Val,0,0,0
7SVR_Ser_1442_Arg,0,0,0
7SVR_Pro_1443_Ser,0,0,0
7SVR_Pro_1443_Ala,0,0,0
7SVR_Ser_1444_Phe,0,0,0
7SVR_Asp_1445_Asn,0,0,0
7SVR_Phe_1450_Ile,0,0,0
7SVR_Arg_1453_Trp,0,0,0
7SVR_Arg_1453_Gln,0,0,0
7SVR_Ser_1455_Ala,0,0,0
7SVR_Lys_1457_Asn,0,0,0
7SVR_Lys_1461_Glu,0,0,0
7SVR_Ile_1464_Thr,0,0,0
7SVR_Ala_1466_Ser,0,0,0
7SVR_Val_1475_Met,0,0,0
7SVR_Val_1475_Leu,0,0,0
7SVR_Thr_1478_Arg,0,0,0
7SVR_Thr_1478_Ile,0,0,0
7SVR_Arg_1479_Lys,0,0,0
7SVR_Leu_1480_Pro,0,0,0
7SVR_Ter_1481_Tyr,0,0,0
7SVD_Met_1_?,0,0,0
7SVD_Arg_3_Met,1,2,1
7SVD_Ser_4_Leu,0,5,5
7SVD_Ser_4_Ala,0,0,0
7SVD_Pro_5_Leu,8,7,-1
7SVD_Leu_6_Arg,6,49,43
7SVD_Glu_7_Gln,1,4,3
7SVD_Ala_9_Val,1,5,4
7SVD_Ser_10_Arg,2,2,0
7SVD_Ser_10_Asn,0,0,0
7SVD_Val_11_Ile,0,0,0
7SVD_Val_11_Leu,0,0,0
7SVD_Val_11_Ala,0,0,0
7SVD_Val_12_Ala,3,2,-1
7SVD_Lys_14_Ile,1,2,1
7SVD_Lys_14_Arg,0,0,0
7SVD_Lys_14_Glu,0,0,0
7SVD_Leu_15_Phe,7,6,-1
7SVD_Leu_15_Val,0,0,0
7SVD_Phe_17_Leu,10,3,-7
7SVD_Ser_18_Gly,1,0,-1
7SVD_Thr_20_Ser,8,1,-7
7SVD_Arg_21_Ile,5,3,-2
7SVD_Leu_24_Val,3,4,1
7SVD_Lys_26_Glu,10,2,-8
7SVD_Tyr_28_His,2,25,23
7SVD_Arg_29_Thr,2,0,-2
7SVD_Arg_31_Cys,1,0,-1
7SVD_Arg_31_His,0,0,0
7SVD_Arg_31_Leu,0,0,0
7SVD_Leu_32_Met,7,9,2
7SVD_Leu_32_Pro,0,0,0
7SVD_Ser_35_Leu,0,0,0
7SVD_Ile_37_Val,1,0,-1
7SVD_Tyr_38_His,8,8,0
7SVD_Tyr_38_Asn,0,0,0
7SVD_Tyr_38_Cys,0,0,0
7SVD_Gln_39_His,3,10,7
7SVD_Ser_42_Phe,0,1,1
7SVD_Val_43_Ile,3,3,0
7SVD_Val_43_Ala,0,0,0
7SVD_Val_43_Leu,0,0,0
7SVD_Asp_44_Val,7,9,2
7SVD_Ala_46_Val,3,15,12
7SVD_Asn_48_Lys,1,0,-1
7SVD_Leu_49_Pro,6,1,-5
7SVD_Lys_52_Ile,1,0,-1
7SVD_Glu_54_Gly,2,0,-2
7SVD_Glu_56_Lys,3,7,4
7SVD_Trp_57_Arg,8,34,26
7SVD_Asp_58_His,1,4,3
7SVD_Asp_58_Gly,0,0,0
7SVD_Asp_58_Val,0,0,0
7SVD_Glu_60_Asp,6,7,1
7SVD_Lys_64_Glu,2,5,3
7SVD_Lys_65_Arg,0,0,0
7SVD_Pro_67_Leu,4,12,8
7SVD_Lys_68_Glu,3,8,5
7SVD_Lys_68_Asn,0,0,0
7SVD_Ala_72_Thr,0,4,4
7SVD_Leu_73_Phe,3,12,9
7SVD_Arg_74_Trp,4,78,74
7SVD_Arg_74_Gln,0,0,0
7SVD_Arg_75_Gln,6,0,-6
7SVD_Arg_75_Leu,0,0,0
7SVD_Cys_76_Trp,4,37,33
7SVD_Cys_76_Arg,0,0,0
7SVD_Phe_78_Tyr,2,5,3
7SVD_Phe_78_Leu,0,0,0
7SVD_Trp_79_Arg,0,0,0
7SVD_Phe_81_Leu,13,9,-4
7SVD_Phe_83_Leu,1,0,-1
7SVD_Tyr_84_His,2,2,0
7SVD_Tyr_84_Cys,0,0,0
7SVD_Gly_85_Glu,0,41,41
7SVD_Ile_86_Val,0,0,0
7SVD_Phe_87_Ser,2,1,-1
7SVD_Leu_88_Phe,3,18,15
7SVD_Leu_88_Ser,0,0,0
7SVD_Tyr_89_Cys,7,11,4
7SVD_Gly_91_Arg,0,26,26
7SVD_Thr_94_Ile,7,9,2
7SVD_Thr_94_Pro,0,0,0
7SVD_Val_97_Ala,2,1,-1
7SVD_Gln_98_Arg,1,33,32
7SVD_Pro_99_Leu,3,10,7
7SVD_Leu_102_Arg,3,32,29
7SVD_Arg_104_Gly,1,0,-1
7SVD_Ile_105_Val,2,1,-1
7SVD_Tyr_109_Asn,1,0,-1
7SVD_Asp_110_His,3,28,25
7SVD_Asp_110_Glu,0,0,0
7SVD_Asp_110_Tyr,0,0,0
7SVD_Pro_111_Leu,4,6,2
7SVD_Asp_112_Gly,0,0,0
7SVD_Asp_112_Asn,0,0,0
7SVD_Glu_116_Gln,13,3,-10
7SVD_Glu_116_Gly,0,0,0
7SVD_Glu_116_Ala,0,0,0
7SVD_Arg_117_His,1,4,3
7SVD_Arg_117_Cys,0,0,0
7SVD_Arg_117_Gly,0,0,0
7SVD_Arg_117_Leu,0,0,0
7SVD_Arg_117_Ser,0,0,0
7SVD_Ser_118_Phe,0,1,1
7SVD_Ser_118_Cys,0,0,0
7SVD_Ile_119_Val,1,1,0
7SVD_Ala_120_Thr,1,6,5
7SVD_Ala_120_Ser,0,0,0
7SVD_Ile_121_Phe,2,4,2
7SVD_Tyr_122_Cys,2,0,-2
7SVD_Ile_125_Thr,0,0,0
7SVD_Gly_126_Asp,0,2,2
7SVD_Gly_126_Ser,0,0,0
7SVD_Gly_126_Val,0,0,0
7SVD_Leu_130_Val,3,1,-2
7SVD_Phe_131_Leu,11,4,-7
7SVD_Ile_132_Val,0,0,0
7SVD_Ile_132_Thr,0,0,0
7SVD_Gly_134_Ala,11,1,-10
7SVD_Thr_135_Ser,2,1,-1
7SVD_Leu_138_Pro,4,2,-2
7SVD_Ser_138_Asn,0,0,0
7SVD_His_139_Pro,6,7,1
7SVD_His_139_Tyr,0,0,0
7SVD_Pro_140_Ser,1,0,-1
7SVD_Pro_140_Arg,0,0,0
7SVD_Ala_141_Thr,1,3,2
7SVD_Met_142_Thr,3,2,-1
7SVD_Glu_144_Lys,0,22,22
7SVD_Glu_144_Asp,0,0,0
7SVD_His_147_Gln,7,11,4
7SVD_His_147_Asn,0,0,0
7SVD_Ile_148_Thr,4,2,-2
7SVD_Gly_149_Glu,0,14,14
7SVD_Met_150_Ile,4,8,4
7SVD_Gln_151_Lys,7,13,6
7SVD_Gln_151_Arg,0,0,0
7SVD_Gln_151_Pro,0,0,0
7SVD_Met_152_Leu,7,12,5
7SVD_Gly_152_Arg,0,0,0
7SVD_Met_152_Ile,0,0,0
7SVD_Arg_153_Lys,8,22,14
7SVD_Ile_154_Thr,5,2,-3
7SVD_Tyr_155_Asn,3,14,11
7SVD_Met_156_Val,3,4,1
7SVD_Ser_158_Asn,2,9,7
7SVD_Ser_158_Thr,0,0,0
7SVD_Ser_158_Cys,0,0,0
7SVD_Leu_159_Ser,3,0,-3
7SVD_Ile_160_Val,1,1,0
7SVD_Tyr_161_Cys,9,6,-3
7SVD_Thr_164_Ala,1,0,-1
7SVD_Arg_170_His,2,0,-2
7SVD_Arg_170_Cys,0,0,0
7SVD_Arg_170_Ser,0,0,0
7SVD_Val_171_Ile,6,10,4
7SVD_Leu_172_Ile,3,0,-3
7SVD_Ser_176_Thr,1,2,1
7SVD_Ser_176_Asn,0,0,0
7SVD_Ser_176_Arg,0,0,0
7SVD_Ile_177_Phe,6,18,12
7SVD_Ile_177_Thr,0,0,0
7SVD_Ile_177_Met,0,0,0
7SVD_Ile_177_Val,0,0,0
7SVD_Gly_178_Arg,0,28,28
7SVD_Gly_178_Glu,0,0,0
7SVD_Gln_179_Lys,1,0,-1
7SVD_Leu_180_Val,5,5,0
7SVD_Leu_183_Ile,0,1,1
7SVD_Arg_183_Lys,0,0,0
7SVD_Glu_185_Val,1,7,6
7SVD_His_186_Gln,1,0,-1
7SVD_Asn_187_Lys,0,3,3
7SVD_Cys_187_Ser,0,0,0
7SVD_Cys_187_Gly,0,0,0
7SVD_Leu_188_Phe,7,14,7
7SVD_Leu_188_Pro,0,0,0
7SVD_Cys_190_Ser,0,0,0
7SVD_Phe_191_Val,4,3,-1
7SVD_Glu_193_Gly,1,0,-1
7SVD_Glu_193_Lys,0,0,0
7SVD_Gly_194_Val,0,1,1
7SVD_Ala_196_Val,2,12,10
7SVD_Ala_198_Val,4,20,16
7SVD_Ala_198_Pro,0,0,0
7SVD_His_199_Arg,12,12,0
7SVD_Phe_200_Leu,6,6,0
7SVD_Phe_200_Ile,0,0,0
7SVD_Val_201_Met,4,15,11
7SVD_Ala_204_Thr,0,2,2
7SVD_Ala_204_Ser,0,0,0
7SVD_Pro_205_Ser,0,0,0
7SVD_Pro_205_Leu,0,0,0
7SVD_Leu_206_Trp,4,53,49
7SVD_Gln_207_His,3,15,12
7SVD_Val_208_Ala,1,0,-1
7SVD_Ala_209_Ser,0,0,0
7SVD_Leu_210_Phe,4,10,6
7SVD_Met_212_Val,6,1,-5
7SVD_Gly_213_Glu,0,46,46
7SVD_Leu_214_Val,2,4,2
7SVD_Trp_216_Arg,1,29,28
7SVD_Glu_217_Gly,0,0,0
7SVD_Glu_217_Lys,0,0,0
7SVD_Gln_220_Pro,0,2,2
7SVD_Ala_221_Val,0,0,0
7SVD_Phe_224_Leu,2,3,1
7SVD_Cys_225_Tyr,0,25,25
7SVD_Gly_226_Glu,0,14,14
7SVD_Gly_226_Val,0,0,0
7SVD_Phe_229_Tyr,2,3,1
7SVD_Val_232_Asp,0,0,0
7SVD_Leu_233_Val,4,3,-1
7SVD_Ala_234_Ser,0,1,1
7SVD_Phe_236_Ser,2,0,-2
7SVD_Gln_237_Glu,3,6,3
7SVD_Gly_239_Arg,0,0,0
7SVD_Gly_241_Arg,0,14,14
7SVD_Arg_242_Lys,2,2,0
7SVD_Met_243_Thr,1,0,-1
7SVD_Met_243_Val,0,0,0
7SVD_Met_244_Val,4,2,-2
7SVD_Met_244_Ile,0,0,0
7SVD_Arg_248_Thr,2,0,-2
7SVD_Arg_248_Lys,0,0,0
7SVD_Ala_252_Pro,0,0,0
7SVD_Ala_252_Ser,0,0,0
7SVD_Gly_253_Glu,0,0,0
7SVD_Gly_253_Arg,0,0,0
7SVD_Ile_255_Asn,5,5,0
7SVD_Ile_255_Val,0,0,0
7SVD_Ser_256_Gly,1,0,-1
7SVD_Ser_256_Asn,0,0,0
7SVD_Glu_257_Ala,3,0,-3
7SVD_Arg_258_Gly,4,0,-4
7SVD_Arg_258_Ile,0,0,0
7SVD_Leu_259_Phe,2,21,19
7SVD_Leu_259_Val,0,0,0
7SVD_Val_260_Gly,2,0,-2
7SVD_Val_260_Met,0,0,0
7SVD_Val_260_Ala,0,0,0
7SVD_Met_265_Arg,4,26,22
7SVD_Ile_269_Thr,5,0,-5
7SVD_Val_272_Ala,2,0,-2
7SVD_Lys_273_Gln,5,5,0
7SVD_Lys_273_Met,0,0,0
7SVD_Cys_276_Phe,4,21,17
7SVD_Glu_279_Asp,2,2,0
7SVD_Ala_280_Ser,1,7,6
7SVD_Met_281_Thr,5,4,-1
7SVD_Met_281_Val,0,0,0
7SVD_Glu_282_Asp,2,5,3
7SVD_Lys_283_Arg,1,0,-1
7SVD_Ile_285_Phe,8,32,24
7SVD_Ile_285_Thr,0,0,0
7SVD_Asn_287_Lys,1,2,1
7SVD_Asn_287_Ser,0,0,0
7SVD_Asn_287_Tyr,0,0,0
7SVD_Gln_290_Arg,0,9,9
7SVD_Thr_291_Arg,1,0,-1
7SVD_Thr_291_Ile,0,0,0
7SVD_Thr_291_Ala,0,0,0
7SVD_Leu_293_Met,4,3,-1
7SVD_Arg_297_Gln,6,2,-4
7SVD_Arg_297_Trp,0,0,0
7SVD_Ala_299_Thr,0,4,4
7SVD_Ala_300_Gly,2,0,-2
7SVD_Tyr_301_Cys,4,0,-4
7SVD_Phe_305_Val,1,4,3
7SVD_Asn_306_Ser,1,2,1
7SVD_Ala_309_Gly,2,0,-2
7SVD_Ala_309_Thr,0,0,0
7SVD_Phe_310_Leu,8,22,14
7SVD_Gly_314_Glu,0,13,13
7SVD_Phe_315_Ser,2,5,3
7SVD_Phe_316_Leu,0,1,1
7SVD_Val_317_Gly,4,0,-4
7SVD_Leu_320_Val,1,1,0
7SVD_Leu_320_Phe,0,0,0
7SVD_Ser_321_Pro,0,1,1
7SVD_Val_322_Met,3,11,8
7SVD_Tyr_325_Cys,7,4,-3
7SVD_Leu_327_Arg,2,13,11
7SVD_Ile_331_Asn,8,7,-1
7SVD_Leu_333_Phe,6,15,9
7SVD_Arg_334_Gln,12,4,-8
7SVD_Arg_334_Trp,0,0,0
7SVD_Arg_334_Leu,0,0,0
7SVD_Ile_336_Lys,3,5,2
7SVD_Ile_336_Thr,0,0,0
7SVD_Phe_337_Val,5,4,-1
7SVD_Thr_338_Ile,5,7,2
7SVD_Thr_338_Ala,0,0,0
7SVD_Ile_340_Val,4,2,-2
7SVD_Cys_343_Phe,3,11,8
7SVD_Ile_344_Val,0,0,0
7SVD_Arg_347_His,1,13,12
7SVD_Arg_347_Pro,0,0,0
7SVD_Arg_347_Cys,0,0,0
7SVD_Arg_347_Ser,0,0,0
7SVD_Met_348_Lys,2,4,2
7SVD_Met_348_Val,0,0,0
7SVD_Ala_349_Val,0,4,4
7SVD_Thr_351_Ser,4,2,-2
7SVD_Thr_351_Ile,0,0,0
7SVD_Arg_352_Trp,10,31,21
7SVD_Arg_352_Gln,0,0,0
7SVD_Gln_353_His,0,4,4
7SVD_Pro_355_Leu,3,8,5
7SVD_Thr_360_Ile,1,6,5
7SVD_Trp_361_Arg,5,18,13
7SVD_Asn_369_Ser,0,0,0
7SVD_Lys_370_Glu,0,1,1
7SVD_Ile_371_Met,3,9,6
7SVD_Ile_371_Thr,0,0,0
7SVD_Asp_373_Asn,0,0,0
7SVD_Asp_373_Tyr,0,0,0
7SVD_Asp_373_Val,0,0,0
7SVD_Leu_375_Phe,2,10,8
7SVD_Gln_378_Arg,1,1,0
7SVD_Glu_379_Asp,1,3,2
7SVD_Tyr_380_Cys,1,0,-1
7SVD_Thr_382_Pro,0,0,0
7SVD_Glu_384_Asp,0,0,0
7SVD_Leu_387_Ser,0,0,0
7SVD_Thr_388_Met,0,6,6
7SVD_Thr_389_Ser,0,1,1
7SVD_Thr_390_Ile,4,20,16
7SVD_Thr_390_Ala,0,0,0
7SVD_Met_394_Thr,11,5,-6
7SVD_Asn_396_Tyr,1,4,3
7SVD_Asn_396_Thr,0,0,0
7SVD_Ala_399_Val,2,11,9
7SVD_Ala_399_Gly,0,0,0
7SVD_Phe_400_Ser,2,0,-2
7SVD_Trp_401_Cys,6,4,-2
7SVD_Trp_401_Leu,0,0,0
7SVD_Gly_404_Arg,0,0,0
7SVD_Gly_404_Val,0,0,0
7SVD_Gly_404_Ala,0,0,0
7SVD_Gly_406_Glu,0,16,16
7SVD_Glu_407_Lys,0,0,0
7SVD_Glu_407_Val,0,0,0
7SVD_Phe_409_Ile,0,3,3
7SVD_Lys_411_Glu,0,0,0
7SVD_Ala_412_Ser,0,0,0
7SVD_Gln_414_Pro,0,0,0
7SVD_Asn_416_Ser,0,0,0
7SVD_Asn_416_Asp,0,0,0
7SVD_Asn_418_Ser,0,0,0
7SVD_Asn_423_Lys,0,0,0
7SVD_Gly_424_Ser,0,0,0
7SVD_Leu_428_Ile,0,0,0
7SVD_Ser_431_Gly,0,0,0
7SVD_Leu_435_Pro,0,0,0
7SVD_Gly_437_Asp,0,5,5
7SVD_Thr_438_Ala,0,0,0
7SVD_Pro_439_Thr,3,6,3
7SVD_Val_440_Ala,7,1,-6
7SVD_Leu_441_Pro,4,4,0
7SVD_Asp_443_Tyr,0,5,5
7SVD_Asp_443_Glu,0,0,0
7SVD_Ile_444_Thr,4,1,-3
7SVD_Ile_444_Val,0,0,0
7SVD_Lys_447_Arg,7,22,15
7SVD_Ile_448_Thr,7,3,-4
7SVD_Glu_449_Gly,8,0,-8
7SVD_Arg_450_Ile,3,0,-3
7SVD_Gly_451_Arg,0,1,1
7SVD_Gln_452_Arg,4,18,14
7SVD_Ala_455_Val,1,5,4
7SVD_Ala_455_Glu,0,0,0
7SVD_Val_456_Ala,4,1,-3
7SVD_Ser_459_Phe,0,9,9
7SVD_Ala_462_Val,0,6,6
7SVD_Thr_465_Asn,6,13,7
7SVD_Ser_466_Leu,4,23,19
7SVD_Leu_467_Phe,5,17,12
7SVD_Leu_467_Pro,0,0,0
7SVD_Met_469_Ile,4,5,1
7SVD_Met_469_Val,0,0,0
7SVD_Val_470_Met,5,15,10
7SVD_Ile_471_Val,2,1,-1
7SVD_Glu_474_Gln,4,20,16
7SVD_Pro_477_Ser,1,1,0
7SVD_Pro_477_Thr,0,0,0
7SVD_Glu_479_Asp,0,0,0
7SVD_Glu_479_Gly,0,0,0
7SVD_Gly_480_Cys,0,5,5
7SVD_His_484_Tyr,0,1,1
7SVD_Ser_485_Cys,1,1,0
7SVD_Ser_485_Thr,0,0,0
7SVD_Arg_487_Lys,6,7,1
7SVD_Phe_490_Cys,7,4,-3
7SVD_Cys_491_Phe,1,10,9
7SVD_Ser_492_Phe,2,41,39
7SVD_Gln_493_Arg,5,36,31
7SVD_Ser_495_Phe,2,10,8
7SVD_Met_498_Thr,3,7,4
7SVD_Pro_499_Ala,5,0,-5
7SVD_Pro_499_Ser,0,0,0
7SVD_Gly_500_Asp,0,22,22
7SVD_Gly_500_Ser,0,0,0
7SVD_Ile_502_Thr,1,1,0
7SVD_Ile_502_Val,0,0,0
7SVD_Ile_506_Val,3,0,-3
7SVD_Ile_506_Thr,0,0,0
7SVD_Ile_506_Leu,0,0,0
7SVD_Ile_507_Val,0,3,3
7SVD_Phe_508_Cys,8,3,-5
7SVD_Phe_508_Val,0,0,0
7SVD_Phe_508_Leu,0,0,0
7SVD_Val_510_Ile,2,3,1
7SVD_Asp_513_Gly,2,0,-2
7SVD_Asp_513_Tyr,0,0,0
7SVD_Tyr_515_His,0,0,0
7SVD_Ser_519_Asn,0,8,8
7SVD_Val_520_Ile,2,6,4
7SVD_Val_520_Phe,0,0,0
7SVD_Ile_521_Leu,4,7,3
7SVD_Ile_521_Phe,0,0,0
7SVD_Cys_524_Arg,1,17,16
7SVD_Glu_527_Gly,3,0,-3
7SVD_Glu_527_Gln,0,0,0
7SVD_Glu_528_Lys,2,11,9
7SVD_Ile_530_Met,1,5,4
7SVD_Ile_530_Asn,0,0,0
7SVD_Lys_532_Asn,0,0,0
7SVD_Ala_534_Glu,0,0,0
7SVD_Ala_534_Ser,0,0,0
7SVD_Lys_536_Glu,0,3,3
7SVD_Asn_538_Lys,2,1,-1
7SVD_Asn_538_Tyr,0,0,0
7SVD_Ile_539_Thr,5,1,-4
7SVD_Val_540_Ile,1,1,0
7SVD_Val_540_Ala,0,0,0
7SVD_Gly_542_Glu,0,2,2
7SVD_Gly_542_Arg,0,0,0
7SVD_Gly_544_Ser,0,3,3
7SVD_Ile_546_Phe,0,8,8
7SVD_Thr_547_Ile,0,6,6
7SVD_Thr_547_Ala,0,0,0
7SVD_Leu_548_Pro,7,3,-4
7SVD_Ser_549_Asn,10,17,7
7SVD_Ser_549_Arg,0,0,0
7SVD_Gly_551_Asp,0,19,19
7SVD_Gly_551_Ser,0,0,0
7SVD_Arg_553_Gln,3,3,0
7SVD_Arg_553_Pro,0,0,0
7SVD_Ile_556_Val,2,1,-1
7SVD_Ser_557_Thr,1,2,1
7SVD_Leu_558_Ser,3,1,-2
7SVD_Ala_559_Thr,2,9,7
7SVD_Ala_559_Ser,0,0,0
7SVD_Arg_560_Thr,1,0,-1
7SVD_Arg_560_Ser,0,0,0
7SVD_Ala_561_Glu,1,9,8
7SVD_Ala_561_Ser,0,0,0
7SVD_Val_562_Ile,4,8,4
7SVD_Val_562_Leu,0,0,0
7SVD_Tyr_563_Asn,3,7,4
7SVD_Lys_564_Arg,2,32,30
7SVD_Lys_564_Glu,0,0,0
7SVD_Asp_565_His,0,16,16
7SVD_Asp_565_Tyr,0,0,0
7SVD_Ala_566_Asp,0,5,5
7SVD_Asp_567_Asn,6,0,-6
7SVD_Tyr_569_Asp,8,7,-1
7SVD_Asp_572_Glu,6,12,6
7SVD_Ser_573_Phe,3,19,16
7SVD_Ser_573_Cys,0,0,0
7SVD_Pro_574_His,4,17,13
7SVD_Phe_575_Tyr,9,14,5
7SVD_Phe_575_Ile,0,0,0
7SVD_Gly_576_Ala,0,5,5
7SVD_Gly_576_Val,0,0,0
7SVD_Tyr_577_Cys,1,0,-1
7SVD_Tyr_577_Phe,0,0,0
7SVD_Asp_579_Gly,5,0,-5
7SVD_Thr_582_Ser,5,1,-4
7SVD_Glu_583_Gly,11,0,-11
7SVD_Glu_585_Lys,2,16,14
7SVD_Phe_587_Val,17,10,-7
7SVD_Phe_587_Ile,0,0,0
7SVD_Glu_588_Lys,3,10,7
7SVD_Glu_588_Gly,0,0,0
7SVD_Glu_588_Ala,0,0,0
7SVD_Ser_589_Thr,1,0,-1
7SVD_Cys_592_Tyr,1,36,35
7SVD_Met_595_Val,2,4,2
7SVD_Met_595_Leu,0,0,0
7SVD_Asn_597_Lys,0,0,0
7SVD_Thr_599_Ser,1,1,0
7SVD_Ile_601_Val,6,4,-2
7SVD_Ile_601_Phe,0,0,0
7SVD_Val_603_Ile,3,8,5
7SVD_Ser_605_Pro,0,1,1
7SVD_Leu_610_Ile,5,9,4
7SVD_Leu_610_Phe,0,0,0
7SVD_Asp_614_Gly,2,0,-2
7SVD_Ile_616_Val,6,1,-5
7SVD_Leu_617_Phe,3,36,33
7SVD_Ile_618_Thr,1,0,-1
7SVD_His_620_Arg,2,5,3
7SVD_His_620_Leu,0,0,0
7SVD_Gly_622_Asp,0,0,0
7SVD_Tyr_625_Asn,2,6,4
7SVD_Phe_626_Leu,3,4,1
7SVD_Tyr_627_Cys,3,0,-3
7SVD_Gly_628_Arg,0,40,40
7SVD_Thr_629_Ala,3,0,-3
7SVD_Leu_633_Ile,3,12,9
7SVD_Asn_635_Thr,0,0,0
7SVD_Leu_636_Pro,1,4,3
7SVD_Pro_638_Ser,0,0,0
7SVD_Ser_641_Gly,0,0,0
7SVD_Met_645_Thr,0,0,0
7SVD_Met_645_Lys,0,0,0
7SVD_Asp_648_Asn,0,0,0
7SVD_Phe_650_Leu,0,0,0
7SVD_Asp_651_Asn,0,0,0
7SVD_Gln_652_Glu,0,0,0
7SVD_Gln_652_Lys,0,0,0
7SVD_Phe_653_Val,0,0,0
7SVD_Ser_654_Gly,0,0,0
7SVD_Glu_656_Gln,0,0,0
7SVD_Ile_661_Met,0,0,0
7SVD_Ile_661_Val,0,0,0
7SVD_Ile_661_Thr,0,0,0
7SVD_His_667_Tyr,0,0,0
7SVD_Arg_668_Cys,0,0,0
7SVD_Arg_668_His,0,0,0
7SVD_Glu_672_Lys,0,0,0
7SVD_Asp_674_Gly,0,0,0
7SVD_Asp_674_Val,0,0,0
7SVD_Ala_675_Val,0,0,0
7SVD_Pro_676_Ala,0,0,0
7SVD_Pro_676_Ser,0,0,0
7SVD_Glu_681_Val,0,0,0
7SVD_Lys_684_Thr,0,0,0
7SVD_Ser_686_Tyr,0,0,0
7SVD_Ser_686_Thr,0,0,0
7SVD_Lys_688_Gln,0,0,0
7SVD_Thr_690_Ala,0,0,0
7SVD_Gly_691_Arg,0,0,0
7SVD_Phe_693_Leu,0,0,0
7SVD_Glu_695_Gly,0,0,0
7SVD_Asn_699_Lys,0,0,0
7SVD_Asn_703_Ile,0,0,0
7SVD_Pro_704_Leu,0,0,0
7SVD_Pro_704_Arg,0,0,0
7SVD_Ile_705_Val,0,0,0
7SVD_Ser_707_Cys,0,0,0
7SVD_Ile_708_Thr,0,0,0
7SVD_Arg_709_Gln,0,0,0
7SVD_Val_714_Leu,0,0,0
7SVD_Gln_715_His,0,0,0
7SVD_Pro_718_Arg,0,0,0
7SVD_Gln_720_Arg,0,0,0
7SVD_Gly_723_Val,0,0,0
7SVD_Glu_725_Lys,0,0,0
7SVD_Asp_727_Ala,0,0,0
7SVD_Pro_731_Leu,0,0,0
7SVD_Ser_737_Phe,0,0,0
7SVD_Ser_737_Thr,0,0,0
7SVD_Pro_740_Leu,0,0,0
7SVD_Gln_744_Pro,0,0,0
7SVD_Ala_747_Val,0,0,0
7SVD_Pro_750_Leu,0,0,0
7SVD_Arg_751_Cys,0,0,0
7SVD_Arg_751_His,0,0,0
7SVD_Arg_751_Leu,0,0,0
7SVD_Ile_752_Ser,0,0,0
7SVD_Ser_753_Gly,0,0,0
7SVD_Ser_753_Asn,0,0,0
7SVD_Val_754_Met,0,0,0
7SVD_Ile_755_Phe,0,0,0
7SVD_Ser_756_Cys,0,0,0
7SVD_Thr_757_Ser,0,0,0
7SVD_Thr_760_Met,0,0,0
7SVD_Thr_760_Arg,0,0,0
7SVD_Arg_764_Gln,0,0,0
7SVD_Arg_765_Lys,0,0,0
7SVD_Arg_766_Lys,0,0,0
7SVD_Gln_767_His,0,0,0
7SVD_Ser_768_Phe,0,0,0
7SVD_Val_769_Ile,0,0,0
7SVD_His_775_Tyr,0,0,0
7SVD_His_775_Arg,0,0,0
7SVD_Ser_776_Leu,0,0,0
7SVD_Gln_781_His,0,0,0
7SVD_Ile_783_Val,0,0,0
7SVD_Arg_785_Gln,0,0,0
7SVD_Arg_785_Pro,0,0,0
7SVD_Lys_786_Asn,0,0,0
7SVD_Arg_792_Gly,0,0,0
7SVD_Arg_792_Gln,0,0,0
7SVD_Val_794_Leu,0,0,0
7SVD_Leu_796_Pro,0,0,0
7SVD_Pro_798_Ser,0,0,0
7SVD_Gln_799_Lys,0,0,0
7SVD_Ala_800_Ser,0,0,0
7SVD_Ala_800_Val,0,0,0
7SVD_Asn_801_Tyr,0,0,0
7SVD_Leu_802_Phe,0,0,0
7SVD_Asp_806_Gly,0,0,0
7SVD_Ile_807_Met,0,0,0
7SVD_Arg_810_Gly,0,0,0
7SVD_Arg_811_Ser,0,0,0
7SVD_Gly_817_Val,0,0,0
7SVD_Ser_821_Asn,0,0,0
7SVD_Glu_823_Asp,0,0,0
7SVD_Glu_826_Lys,0,0,0
7SVD_Glu_826_Asp,0,0,0
7SVD_Asp_828_Asn,0,0,0
7SVD_Asp_828_Glu,0,0,0
7SVD_Cys_832_Tyr,0,0,0
7SVD_Cys_832_Gly,0,0,0
7SVD_Phe_834_Leu,0,0,0
7SVD_Asp_836_Tyr,0,0,0
7SVD_Met_837_Thr,0,0,0
7SVD_Asn_847_Ser,0,0,0
7SVD_Tyr_849_Cys,1,0,-1
7SVD_Arg_851_Gln,7,6,-1
7SVD_Ile_853_Val,0,0,0
7SVD_Ile_853_Phe,0,0,0
7SVD_Thr_854_Ile,0,0,0
7SVD_Val_855_Ile,3,6,3
7SVD_Lys_857_Asn,3,0,-3
7SVD_Leu_859_Phe,6,14,8
7SVD_Val_862_Leu,2,6,4
7SVD_Cys_866_Tyr,3,23,20
7SVD_Glu_873_Val,1,1,0
7SVD_Val_874_Leu,5,13,8
7SVD_Ala_876_Val,0,0,0
7SVD_Ser_877_Ala,2,1,-1
7SVD_Thr_887_Pro,0,0,0
7SVD_Thr_887_Asn,0,0,0
7SVD_Pro_888_His,0,0,0
7SVD_Leu_889_Phe,0,0,0
7SVD_Leu_889_Val,0,0,0
7SVD_Gln_890_Arg,0,0,0
7SVD_Asp_891_Gly,0,0,0
7SVD_Asp_891_Asn,0,0,0
7SVD_Asn_894_Lys,0,0,0
7SVD_Asn_894_Ser,0,0,0
7SVD_Ser_895_Asn,0,0,0
7SVD_Ser_895_Thr,0,0,0
7SVD_Thr_896_Ile,0,0,0
7SVD_His_897_Tyr,0,0,0
7SVD_Ser_898_Arg,0,0,0
7SVD_Asn_901_Ile,0,0,0
7SVD_Tyr_903_Cys,0,0,0
7SVD_Val_905_Leu,1,5,4
7SVD_Ile_907_Ser,1,0,-1
7SVD_Ile_907_Val,0,0,0
7SVD_Thr_908_Asn,2,5,3
7SVD_Thr_910_Ser,1,3,2
7SVD_Ser_911_Asn,3,6,3
7SVD_Ser_912_Leu,0,5,5
7SVD_Tyr_913_Cys,2,3,1
7SVD_Val_915_Leu,2,1,-1
7SVD_Ile_918_Val,2,1,-1
7SVD_Tyr_919_Cys,7,3,-4
7SVD_Val_920_Met,1,7,6
7SVD_Val_920_Leu,0,0,0
7SVD_Gly_921_Arg,0,39,39
7SVD_Val_922_Gly,1,0,-1
7SVD_Asp_924_Asn,0,2,2
7SVD_Thr_925_Asn,2,3,1
7SVD_Leu_926_Phe,1,4,3
7SVD_Leu_926_Ser,0,0,0
7SVD_Gly_934_Ser,0,12,12
7SVD_Pro_936_Thr,0,3,3
7SVD_Pro_936_Leu,0,0,0
7SVD_Val_938_Leu,2,6,4
7SVD_Val_938_Gly,0,0,0
7SVD_Val_938_Met,0,0,0
7SVD_His_939_Asp,6,10,4
7SVD_His_939_Gln,0,0,0
7SVD_Val_944_Ala,4,0,-4
7SVD_Ser_945_Leu,3,11,8
7SVD_Lys_946_Glu,3,3,0
7SVD_Lys_946_Gln,0,0,0
7SVD_Leu_948_Phe,4,20,16
7SVD_His_949_Leu,5,15,10
7SVD_His_949_Tyr,0,0,0
7SVD_His_950_Arg,0,0,0
7SVD_Lys_951_Glu,1,4,3
7SVD_Lys_951_Thr,0,0,0
7SVD_Met_952_Thr,5,2,-3
7SVD_Met_952_Ile,0,0,0
7SVD_His_954_Tyr,1,12,11
7SVD_Ala_959_Val,1,10,9
7SVD_Ala_959_Thr,0,0,0
7SVD_Pro_960_Ser,2,1,-1
7SVD_Pro_960_Leu,0,0,0
7SVD_Met_961_Thr,5,0,-5
7SVD_Met_961_Ile,0,0,0
7SVD_Met_961_Val,0,0,0
7SVD_Leu_964_Phe,2,7,5
7SVD_Asn_965_Lys,0,5,5
7SVD_Leu_967_Ser,2,0,-2
7SVD_Gly_970_Asp,0,14,14
7SVD_Phe_976_Ser,1,0,-1
7SVD_Phe_976_Leu,0,0,0
7SVD_Ser_977_Phe,1,15,14
7SVD_Ser_977_Ala,0,0,0
7SVD_Ser_977_Cys,0,0,0
7SVD_Ser_977_Pro,0,0,0
7SVD_Lys_978_Arg,6,33,27
7SVD_Asp_979_Ala,5,1,-4
7SVD_Asp_979_Gly,0,0,0
7SVD_Ile_980_Lys,3,16,13
7SVD_Ile_982_Val,6,1,-5
7SVD_Asp_984_Asn,4,4,0
7SVD_Asp_985_Asn,1,1,0
7SVD_Asp_985_Glu,0,0,0
7SVD_Leu_986_Pro,2,6,4
7SVD_Thr_990_Asn,4,3,-1
7SVD_Thr_990_Ser,0,0,0
7SVD_Ile_991_Val,4,2,-2
7SVD_Ile_991_Met,0,0,0
7SVD_Phe_992_Leu,5,4,-1
7SVD_Asp_993_Gly,2,0,-2
7SVD_Phe_994_Leu,5,6,1
7SVD_Phe_994_Cys,0,0,0
7SVD_Ile_995_Asn,2,1,-1
7SVD_Ile_995_Leu,0,0,0
7SVD_Leu_997_Phe,4,14,10
7SVD_Val_1001_Leu,3,8,5
7SVD_Ile_1002_Phe,1,2,1
7SVD_Gly_1003_Glu,0,35,35
7SVD_Ala_1004_Gly,0,0,0
7SVD_Ile_1005_Arg,2,20,18
7SVD_Ala_1006_Thr,0,0,0
7SVD_Ala_1006_Glu,0,0,0
7SVD_Val_1008_Asp,2,1,-1
7SVD_Ala_1009_Thr,1,3,2
7SVD_Ala_1009_Val,0,0,0
7SVD_Pro_1013_His,0,0,0
7SVD_Pro_1013_Leu,0,0,0
7SVD_Pro_1013_Arg,0,0,0
7SVD_Tyr_1014_Cys,7,1,-6
7SVD_Phe_1016_Ser,4,2,-2
7SVD_Ala_1018_Thr,2,6,4
7SVD_Pro_1021_Thr,1,0,-1
7SVD_Pro_1021_Ser,0,0,0
7SVD_Val_1022_Met,7,20,13
7SVD_Ile_1023_Val,3,2,-1
7SVD_Ile_1023_Arg,0,0,0
7SVD_Ala_1025_Ser,0,0,0
7SVD_Ala_1025_Val,0,0,0
7SVD_Ile_1027_Thr,0,0,0
7SVD_Met_1028_Val,1,0,-1
7SVD_Met_1028_Arg,0,0,0
7SVD_Met_1028_Ile,0,0,0
7SVD_Leu_1029_Met,4,1,-3
7SVD_Ala_1031_Val,0,0,0
7SVD_Tyr_1032_Cys,4,0,-4
7SVD_Thr_1036_Asn,1,2,1
7SVD_Gln_1039_Arg,3,8,5
7SVD_Lys_1041_Gln,4,11,7
7SVD_Glu_1044_Gln,5,11,6
7SVD_Gly_1047_Val,0,10,10
7SVD_Ser_1049_Asn,0,4,4
7SVD_Pro_1050_Ala,1,1,0
7SVD_Ile_1051_Val,2,1,-1
7SVD_Ile_1051_Phe,0,0,0
7SVD_Phe_1052_Val,1,3,2
7SVD_Phe_1052_Leu,0,0,0
7SVD_Thr_1053_Ile,0,2,2
7SVD_His_1054_Gln,7,2,-5
7SVD_His_1054_Tyr,0,0,0
7SVD_Thr_1057_Ala,4,2,-2
7SVD_Gly_1061_Arg,0,59,59
7SVD_Leu_1065_Phe,6,15,9
7SVD_Arg_1066_His,3,5,2
7SVD_Arg_1066_Cys,0,0,0
7SVD_Ala_1067_Val,3,10,7
7SVD_Ala_1067_Thr,0,0,0
7SVD_Gly_1069_Arg,0,0,0
7SVD_Arg_1070_Gln,7,4,-3
7SVD_Arg_1070_Trp,0,0,0
7SVD_Gln_1071_Arg,1,16,15
7SVD_Phe_1074_Leu,13,8,-5
7SVD_Leu_1077_Pro,6,2,-4
7SVD_Lys_1080_Arg,0,0,0
7SVD_Lys_1080_Gln,0,0,0
7SVD_Lys_1080_Glu,0,0,0
7SVD_Ala_1081_Gly,1,0,-1
7SVD_His_1085_Pro,3,2,-1
7SVD_Thr_1086_Ser,3,1,-2
7SVD_Thr_1086_Ala,0,0,0
7SVD_Trp_1089_Cys,8,7,-1
7SVD_Phe_1090_Leu,1,8,7
7SVD_Leu_1091_Phe,4,21,17
7SVD_Tyr_1092_His,2,1,-1
7SVD_Tyr_1092_Cys,0,0,0
7SVD_Arg_1097_Cys,11,2,-9
7SVD_Arg_1097_His,0,0,0
7SVD_Arg_1097_Pro,0,0,0
7SVD_Trp_1098_Cys,6,4,-2
7SVD_Phe_1099_Leu,7,25,18
7SVD_Gln_1100_Pro,5,1,-4
7SVD_Met_1101_Lys,5,22,17
7SVD_Met_1101_Ile,0,0,0
7SVD_Arg_1102_Lys,5,28,23
7SVD_Ile_1106_Thr,3,1,-2
7SVD_Val_1108_Leu,2,8,6
7SVD_Ile_1109_Val,0,0,0
7SVD_Phe_1111_Leu,11,16,5
7SVD_Val_1114_Leu,1,6,5
7SVD_Phe_1116_Ser,1,0,-1
7SVD_Ile_1117_Thr,0,0,0
7SVD_Ser_1118_Phe,1,35,34
7SVD_Ser_1118_Cys,0,0,0
7SVD_Gly_1130_Ala,0,7,7
7SVD_Gly_1130_Val,0,0,0
7SVD_Gly_1130_Ser,0,0,0
7SVD_Ile_1131_Val,1,1,0
7SVD_Ala_1136_Thr,3,8,5
7SVD_Met_1137_Val,7,5,-2
7SVD_Met_1137_Thr,0,0,0
7SVD_Ile_1139_Val,1,2,1
7SVD_Met_1140_Val,7,5,-2
7SVD_Ala_1146_Val,0,5,5
7SVD_Ala_1146_Asp,0,0,0
7SVD_Val_1147_Glu,1,10,9
7SVD_Asn_1148_Lys,2,10,8
7SVD_Ile_1151_Val,4,2,-2
7SVD_Asp_1152_His,2,1,-1
7SVD_Val_1153_Glu,2,14,12
7SVD_Val_1153_Met,0,0,0
7SVD_Asp_1154_Glu,3,17,14
7SVD_Asp_1154_Gly,0,0,0
7SVD_Leu_1156_Phe,5,5,0
7SVD_Met_1157_Ile,3,10,7
7SVD_Arg_1158_Gln,2,9,7
7SVD_Ser_1159_Pro,6,7,1
7SVD_Ser_1159_Phe,0,0,0
7SVD_Arg_1162_Leu,5,7,2
7SVD_Arg_1162_Gln,0,0,0
7SVD_Val_1163_Gly,1,0,-1
7SVD_Lys_1165_Arg,0,0,0
7SVD_Ile_1167_Val,3,4,1
7SVD_Asp_1168_Gly,2,0,-2
7SVD_Thr_1171_Ala,0,0,0
7SVD_Glu_1172_Gln,3,11,8
7SVD_Gly_1173_Ser,0,1,1
7SVD_Lys_1174_Thr,0,0,0
7SVD_Lys_1177_Arg,0,0,0
7SVD_Lys_1177_Thr,0,0,0
7SVD_Pro_1181_Gln,0,0,0
7SVD_Tyr_1182_His,0,0,0
7SVD_Lys_1183_Asn,0,0,0
7SVD_Asn_1184_Lys,0,0,0
7SVD_Gln_1186_His,0,0,0
7SVD_Leu_1187_Val,0,0,0
7SVD_Leu_1187_Ile,0,0,0
7SVD_Ser_1188_Pro,0,0,0
7SVD_Ser_1188_Leu,0,0,0
7SVD_Met_1191_Thr,0,0,0
7SVD_His_1197_Leu,0,0,0
7SVD_His_1197_Arg,0,0,0
7SVD_Val_1198_Met,0,0,0
7SVD_Val_1198_Leu,0,0,0
7SVD_Lys_1199_Arg,0,0,0
7SVD_Lys_1200_Gln,0,0,0
7SVD_Asp_1201_Tyr,0,0,0
7SVD_Ile_1203_Phe,0,0,0
7SVD_Ile_1203_Val,0,0,0
7SVD_Gly_1208_Asp,0,14,14
7SVD_Gln_1209_Lys,3,8,5
7SVD_Met_1210_Leu,5,7,2
7SVD_Thr_1216_Ala,1,0,-1
7SVD_Ala_1217_Val,1,8,7
7SVD_Tyr_1219_His,12,19,7
7SVD_Thr_1220_Ile,0,0,0
7SVD_Gly_1223_Arg,0,7,7
7SVD_Asn_1224_Lys,0,0,0
7SVD_Ala_1225_Val,4,12,8
7SVD_Ile_1226_Thr,5,1,-4
7SVD_Leu_1227_Ser,5,3,-2
7SVD_Glu_1228_Gln,2,3,1
7SVD_Glu_1228_Gly,0,0,0
7SVD_Asn_1229_Lys,0,0,0
7SVD_Ile_1230_Thr,3,2,-1
7SVD_Ile_1230_Val,0,0,0
7SVD_Ile_1234_Val,3,2,-1
7SVD_Ser_1235_Arg,4,4,0
7SVD_Gly_1237_Asp,0,1,1
7SVD_Gln_1238_Lys,11,9,-2
7SVD_Val_1240_Gly,4,0,-4
7SVD_Gly_1241_Asp,0,17,17
7SVD_Leu_1242_Phe,7,22,15
7SVD_Gly_1244_Glu,0,35,35
7SVD_Gly_1244_Val,0,0,0
7SVD_Thr_1246_Ile,3,10,7
7SVD_Thr_1246_Ser,0,0,0
7SVD_Ser_1248_Leu,2,4,2
7SVD_Gly_1249_Glu,0,21,21
7SVD_Gly_1249_Arg,0,0,0
7SVD_Ser_1251_Asn,4,13,9
7SVD_Ser_1251_Arg,0,0,0
7SVD_Leu_1254_Phe,5,10,5
7SVD_Ser_1255_Thr,2,3,1
7SVD_Ser_1255_Leu,0,0,0
7SVD_Ala_1256_Val,1,8,7
7SVD_Phe_1257_Leu,9,7,-2
7SVD_Arg_1259_Thr,6,1,-5
7SVD_Thr_1263_Ile,2,10,8
7SVD_Glu_1264_Gly,0,0,0
7SVD_Gln_1268_Arg,1,13,12
7SVD_Ile_1269_Met,8,12,4
7SVD_Asp_1270_Asn,0,1,1
7SVD_Asp_1270_Gly,0,0,0
7SVD_Val_1272_Glu,4,19,15
7SVD_Val_1272_Gly,0,0,0
7SVD_Ile_1277_Val,5,1,-4
7SVD_Ile_1277_Thr,0,0,0
7SVD_Leu_1279_Trp,1,24,23
7SVD_Gln_1281_Arg,4,3,-1
7SVD_Trp_1282_Cys,11,3,-8
7SVD_Arg_1283_Lys,1,7,6
7SVD_Ala_1285_Val,3,12,9
7SVD_Val_1288_Ala,1,0,-1
7SVD_Ile_1289_Val,5,2,-3
7SVD_Pro_1290_Leu,0,2,2
7SVD_Pro_1290_Thr,0,0,0
7SVD_Gln_1291_His,4,27,23
7SVD_Gln_1291_Arg,0,0,0
7SVD_Val_1293_Ile,5,9,4
7SVD_Val_1293_Leu,0,0,0
7SVD_Thr_1299_Ala,2,0,-2
7SVD_Phe_1300_Leu,7,6,-1
7SVD_Asn_1303_Lys,1,12,11
7SVD_Asn_1303_Ile,0,0,0
7SVD_Asn_1303_Tyr,0,0,0
7SVD_Leu_1304_Val,1,1,0
7SVD_Pro_1306_Ser,5,3,-2
7SVD_Tyr_1307_Asn,4,2,-2
7SVD_Gln_1309_Glu,1,3,2
7SVD_Trp_1310_Gly,8,0,-8
7SVD_Ser_1311_Arg,4,1,-3
7SVD_Asp_1312_Gly,3,0,-3
7SVD_Gln_1313_Lys,1,1,0
7SVD_Val_1318_Ala,3,0,-3
7SVD_Val_1318_Ile,0,0,0
7SVD_Val_1322_Phe,6,22,16
7SVD_Val_1322_Ile,0,0,0
7SVD_Val_1327_Leu,5,15,10
7SVD_Ile_1328_Thr,2,1,-1
7SVD_Ile_1328_Met,0,0,0
7SVD_Ile_1328_Val,0,0,0
7SVD_Gln_1330_Glu,2,0,-2
7SVD_Phe_1331_Leu,13,8,-5
7SVD_Phe_1331_Ile,0,0,0
7SVD_Leu_1335_Phe,10,41,31
7SVD_Phe_1337_Val,4,4,0
7SVD_Leu_1339_Pro,2,1,-1
7SVD_Asp_1341_Gly,3,0,-3
7SVD_Gly_1343_Ser,0,9,9
7SVD_Gly_1343_Ala,0,0,0
7SVD_Gly_1343_Asp,0,0,0
7SVD_Cys_1344_Ser,2,1,-1
7SVD_Leu_1346_Gln,5,5,0
7SVD_Ser_1347_Asn,9,22,13
7SVD_Gly_1349_Ser,0,6,6
7SVD_Lys_1351_Asn,2,4,2
7SVD_Gln_1352_His,1,5,4
7SVD_Gln_1352_Glu,0,0,0
7SVD_Met_1354_Thr,3,1,-2
7SVD_Met_1354_Ile,0,0,0
7SVD_Cys_1355_Gly,3,0,-3
7SVD_Cys_1355_Phe,0,0,0
7SVD_Arg_1358_Gly,1,0,-1
7SVD_Ser_1359_Cys,3,5,2
7SVD_Leu_1361_Val,3,6,3
7SVD_Ser_1362_Asn,0,0,0
7SVD_Ser_1362_Thr,0,0,0
7SVD_Lys_1363_Arg,0,0,0
7SVD_Ala_1364_Val,0,2,2
7SVD_Ile_1366_Phe,4,10,6
7SVD_Ile_1366_Thr,0,0,0
7SVD_Ile_1366_Asn,0,0,0
7SVD_Leu_1369_Phe,9,20,11
7SVD_Asp_1370_Gly,2,0,-2
7SVD_Asp_1370_His,0,0,0
7SVD_Pro_1372_Leu,6,15,9
7SVD_His_1375_Asn,10,6,-4
7SVD_His_1375_Arg,0,0,0
7SVD_Asp_1377_Asn,4,4,0
7SVD_Asp_1377_His,0,0,0
7SVD_Pro_1378_Leu,0,0,0
7SVD_Val_1379_Leu,1,1,0
7SVD_Thr_1380_Ile,5,17,12
7SVD_Tyr_1381_His,5,9,4
7SVD_Tyr_1381_Ser,0,0,0
7SVD_Tyr_1381_Cys,0,0,0
7SVD_Gln_1382_Lys,5,0,-5
7SVD_Gln_1382_His,0,0,0
7SVD_Arg_1385_Gly,5,0,-5
7SVD_Arg_1386_Gly,1,0,-1
7SVD_Phe_1392_Leu,8,11,3
7SVD_Asp_1394_Gly,0,0,0
7SVD_Asp_1394_His,0,0,0
7SVD_Cys_1395_Phe,2,3,1
7SVD_Thr_1396_Pro,0,3,3
7SVD_Thr_1396_Arg,0,0,0
7SVD_Ile_1398_Ser,6,1,-5
7SVD_Arg_1403_Lys,4,0,-4
7SVD_Arg_1403_Gly,0,0,0
7SVD_Glu_1409_Lys,0,6,6
7SVD_Cys_1410_Trp,2,23,21
7SVD_Cys_1410_Ser,0,0,0
7SVD_Gln_1411_Pro,4,10,6
7SVD_Phe_1413_Leu,7,6,-1
7SVD_Val_1415_Gly,6,0,-6
7SVD_Val_1415_Asp,0,0,0
7SVD_Asn_1419_Lys,0,3,3
7SVD_Val_1421_Leu,2,10,8
7SVD_Val_1421_Met,0,0,0
7SVD_Arg_1422_Trp,2,4,2
7SVD_Arg_1422_Gln,0,0,0
7SVD_Arg_1422_Pro,0,0,0
7SVD_Ser_1426_Phe,3,0,-3
7SVD_Ser_1426_Pro,0,0,0
7SVD_Ser_1426_Tyr,0,0,0
7SVD_Leu_1431_Arg,5,21,16
7SVD_Asn_1432_Lys,0,1,1
7SVD_Glu_1433_Lys,0,0,0
7SVD_Leu_1436_Phe,0,18,18
7SVD_Arg_1438_Trp,0,9,9
7SVD_Ala_1440_Thr,2,7,5
7SVD_Ile_1441_Thr,5,1,-4
7SVD_Ile_1441_Val,0,0,0
7SVD_Ser_1442_Arg,2,8,6
7SVD_Pro_1443_Ser,0,0,0
7SVD_Pro_1443_Ala,0,0,0
7SVD_Ser_1444_Phe,0,2,2
7SVD_Asp_1445_Asn,5,4,-1
7SVD_Phe_1450_Ile,2,0,-2
7SVD_Arg_1453_Trp,0,0,0
7SVD_Arg_1453_Gln,0,0,0
7SVD_Ser_1455_Ala,0,0,0
7SVD_Lys_1457_Asn,0,0,0
7SVD_Lys_1461_Glu,0,0,0
7SVD_Ile_1464_Thr,0,0,0
7SVD_Ala_1466_Ser,0,0,0
7SVD_Val_1475_Met,0,0,0
7SVD_Val_1475_Leu,0,0,0
7SVD_Thr_1478_Arg,0,0,0
7SVD_Thr_1478_Ile,0,0,0
7SVD_Arg_1479_Lys,0,0,0
7SVD_Leu_1480_Pro,0,0,0
7SVD_Ter_1481_Tyr,0,0,0
7SV7_Met_1_?,0,0,0
7SV7_Arg_3_Met,1,2,1
7SV7_Ser_4_Leu,2,13,11
7SV7_Ser_4_Ala,0,0,0
7SV7_Pro_5_Leu,10,9,-1
7SV7_Leu_6_Arg,5,40,35
7SV7_Glu_7_Gln,1,2,1
7SV7_Ala_9_Val,0,3,3
7SV7_Ser_10_Arg,2,2,0
7SV7_Ser_10_Asn,0,0,0
7SV7_Val_11_Ile,0,0,0
7SV7_Val_11_Leu,0,0,0
7SV7_Val_11_Ala,0,0,0
7SV7_Val_12_Ala,2,0,-2
7SV7_Lys_14_Ile,3,2,-1
7SV7_Lys_14_Arg,0,0,0
7SV7_Lys_14_Glu,0,0,0
7SV7_Leu_15_Phe,2,14,12
7SV7_Leu_15_Val,0,0,0
7SV7_Phe_17_Leu,13,3,-10
7SV7_Ser_18_Gly,1,0,-1
7SV7_Thr_20_Ser,7,2,-5
7SV7_Arg_21_Ile,2,4,2
7SV7_Leu_24_Val,5,4,-1
7SV7_Lys_26_Glu,6,1,-5
7SV7_Tyr_28_His,5,3,-2
7SV7_Arg_29_Thr,5,1,-4
7SV7_Arg_31_Cys,0,0,0
7SV7_Arg_31_His,0,0,0
7SV7_Arg_31_Leu,0,0,0
7SV7_Leu_32_Met,8,8,0
7SV7_Leu_32_Pro,0,0,0
7SV7_Ser_35_Leu,0,0,0
7SV7_Ile_37_Val,3,1,-2
7SV7_Tyr_38_His,3,4,1
7SV7_Tyr_38_Asn,0,0,0
7SV7_Tyr_38_Cys,0,0,0
7SV7_Gln_39_His,0,11,11
7SV7_Ser_42_Phe,0,4,4
7SV7_Val_43_Ile,0,0,0
7SV7_Val_43_Ala,0,0,0
7SV7_Val_43_Leu,0,0,0
7SV7_Asp_44_Val,5,12,7
7SV7_Ala_46_Val,3,15,12
7SV7_Asn_48_Lys,0,0,0
7SV7_Leu_49_Pro,3,1,-2
7SV7_Lys_52_Ile,0,0,0
7SV7_Glu_54_Gly,2,0,-2
7SV7_Glu_56_Lys,0,6,6
7SV7_Trp_57_Arg,11,32,21
7SV7_Asp_58_His,1,0,-1
7SV7_Asp_58_Gly,0,0,0
7SV7_Asp_58_Val,0,0,0
7SV7_Glu_60_Asp,6,5,-1
7SV7_Lys_64_Glu,5,5,0
7SV7_Lys_65_Arg,0,0,0
7SV7_Pro_67_Leu,3,12,9
7SV7_Lys_68_Glu,0,7,7
7SV7_Lys_68_Asn,0,0,0
7SV7_Ala_72_Thr,0,6,6
7SV7_Leu_73_Phe,4,15,11
7SV7_Arg_74_Trp,2,22,20
7SV7_Arg_74_Gln,0,0,0
7SV7_Arg_75_Gln,4,2,-2
7SV7_Arg_75_Leu,0,0,0
7SV7_Cys_76_Trp,2,31,29
7SV7_Cys_76_Arg,0,0,0
7SV7_Phe_78_Tyr,2,10,8
7SV7_Phe_78_Leu,0,0,0
7SV7_Trp_79_Arg,0,0,0
7SV7_Phe_81_Leu,13,8,-5
7SV7_Phe_83_Leu,5,0,-5
7SV7_Tyr_84_His,4,25,21
7SV7_Tyr_84_Cys,0,0,0
7SV7_Gly_85_Glu,0,35,35
7SV7_Ile_86_Val,0,0,0
7SV7_Phe_87_Ser,3,1,-2
7SV7_Leu_88_Phe,3,14,11
7SV7_Leu_88_Ser,0,0,0
7SV7_Tyr_89_Cys,11,9,-2
7SV7_Gly_91_Arg,0,26,26
7SV7_Thr_94_Ile,5,8,3
7SV7_Thr_94_Pro,0,0,0
7SV7_Val_97_Ala,1,0,-1
7SV7_Gln_98_Arg,2,29,27
7SV7_Pro_99_Leu,9,14,5
7SV7_Leu_102_Arg,3,29,26
7SV7_Arg_104_Gly,5,0,-5
7SV7_Ile_105_Val,4,2,-2
7SV7_Tyr_109_Asn,8,3,-5
7SV7_Asp_110_His,8,23,15
7SV7_Asp_110_Glu,0,0,0
7SV7_Asp_110_Tyr,0,0,0
7SV7_Pro_111_Leu,2,5,3
7SV7_Asp_112_Gly,3,0,-3
7SV7_Asp_112_Asn,0,0,0
7SV7_Glu_116_Gln,6,12,6
7SV7_Glu_116_Gly,0,0,0
7SV7_Glu_116_Ala,0,0,0
7SV7_Arg_117_His,0,5,5
7SV7_Arg_117_Cys,0,0,0
7SV7_Arg_117_Gly,0,0,0
7SV7_Arg_117_Leu,0,0,0
7SV7_Arg_117_Ser,0,0,0
7SV7_Ser_118_Phe,0,3,3
7SV7_Ser_118_Cys,0,0,0
7SV7_Ile_119_Val,3,1,-2
7SV7_Ala_120_Thr,1,3,2
7SV7_Ala_120_Ser,0,0,0
7SV7_Ile_121_Phe,3,1,-2
7SV7_Tyr_122_Cys,2,0,-2
7SV7_Ile_125_Thr,2,0,-2
7SV7_Gly_126_Asp,0,18,18
7SV7_Gly_126_Ser,0,0,0
7SV7_Gly_126_Val,0,0,0
7SV7_Leu_130_Val,3,4,1
7SV7_Phe_131_Leu,12,3,-9
7SV7_Ile_132_Val,2,0,-2
7SV7_Ile_132_Thr,0,0,0
7SV7_Gly_134_Ala,6,1,-5
7SV7_Thr_135_Ser,3,1,-2
7SV7_Leu_138_Pro,3,2,-1
7SV7_Ser_138_Asn,0,0,0
7SV7_His_139_Pro,5,4,-1
7SV7_His_139_Tyr,0,0,0
7SV7_Pro_140_Ser,1,0,-1
7SV7_Pro_140_Arg,0,0,0
7SV7_Ala_141_Thr,0,5,5
7SV7_Met_142_Thr,6,4,-2
7SV7_Glu_144_Lys,0,29,29
7SV7_Glu_144_Asp,0,0,0
7SV7_His_147_Gln,5,11,6
7SV7_His_147_Asn,0,0,0
7SV7_Ile_148_Thr,7,2,-5
7SV7_Gly_149_Glu,0,16,16
7SV7_Met_150_Ile,8,9,1
7SV7_Gln_151_Lys,6,7,1
7SV7_Gln_151_Arg,0,0,0
7SV7_Gln_151_Pro,0,0,0
7SV7_Met_152_Leu,13,17,4
7SV7_Gly_152_Arg,0,0,0
7SV7_Met_152_Ile,0,0,0
7SV7_Arg_153_Lys,6,24,18
7SV7_Ile_154_Thr,6,1,-5
7SV7_Tyr_155_Asn,2,15,13
7SV7_Met_156_Val,2,3,1
7SV7_Ser_158_Asn,3,9,6
7SV7_Ser_158_Thr,0,0,0
7SV7_Ser_158_Cys,0,0,0
7SV7_Leu_159_Ser,3,0,-3
7SV7_Ile_160_Val,3,0,-3
7SV7_Tyr_161_Cys,11,7,-4
7SV7_Thr_164_Ala,0,0,0
7SV7_Arg_170_His,2,7,5
7SV7_Arg_170_Cys,0,0,0
7SV7_Arg_170_Ser,0,0,0
7SV7_Val_171_Ile,3,6,3
7SV7_Leu_172_Ile,2,1,-1
7SV7_Ser_176_Thr,2,2,0
7SV7_Ser_176_Asn,0,0,0
7SV7_Ser_176_Arg,0,0,0
7SV7_Ile_177_Phe,3,16,13
7SV7_Ile_177_Thr,0,0,0
7SV7_Ile_177_Met,0,0,0
7SV7_Ile_177_Val,0,0,0
7SV7_Gly_178_Arg,0,28,28
7SV7_Gly_178_Glu,0,0,0
7SV7_Gln_179_Lys,0,4,4
7SV7_Leu_180_Val,4,5,1
7SV7_Leu_183_Ile,3,4,1
7SV7_Arg_183_Lys,0,0,0
7SV7_Glu_185_Val,0,9,9
7SV7_His_186_Gln,0,0,0
7SV7_Asn_187_Lys,1,4,3
7SV7_Cys_187_Ser,0,0,0
7SV7_Cys_187_Gly,0,0,0
7SV7_Leu_188_Phe,6,26,20
7SV7_Leu_188_Pro,0,0,0
7SV7_Cys_190_Ser,0,0,0
7SV7_Phe_191_Val,4,3,-1
7SV7_Glu_193_Gly,0,0,0
7SV7_Glu_193_Lys,0,0,0
7SV7_Gly_194_Val,0,7,7
7SV7_Ala_196_Val,3,10,7
7SV7_Ala_198_Val,4,13,9
7SV7_Ala_198_Pro,0,0,0
7SV7_His_199_Arg,12,21,9
7SV7_Phe_200_Leu,11,8,-3
7SV7_Phe_200_Ile,0,0,0
7SV7_Val_201_Met,6,18,12
7SV7_Ala_204_Thr,2,5,3
7SV7_Ala_204_Ser,0,0,0
7SV7_Pro_205_Ser,0,0,0
7SV7_Pro_205_Leu,0,0,0
7SV7_Leu_206_Trp,5,6,1
7SV7_Gln_207_His,4,15,11
7SV7_Val_208_Ala,1,0,-1
7SV7_Ala_209_Ser,0,0,0
7SV7_Leu_210_Phe,3,13,10
7SV7_Met_212_Val,11,5,-6
7SV7_Gly_213_Glu,0,31,31
7SV7_Leu_214_Val,6,4,-2
7SV7_Trp_216_Arg,0,26,26
7SV7_Glu_217_Gly,4,0,-4
7SV7_Glu_217_Lys,0,0,0
7SV7_Gln_220_Pro,0,4,4
7SV7_Ala_221_Val,0,0,0
7SV7_Phe_224_Leu,2,2,0
7SV7_Cys_225_Tyr,3,1,-2
7SV7_Gly_226_Glu,0,9,9
7SV7_Gly_226_Val,0,0,0
7SV7_Phe_229_Tyr,4,3,-1
7SV7_Val_232_Asp,0,0,0
7SV7_Leu_233_Val,3,2,-1
7SV7_Ala_234_Ser,0,1,1
7SV7_Phe_236_Ser,2,0,-2
7SV7_Gln_237_Glu,6,12,6
7SV7_Gly_239_Arg,0,0,0
7SV7_Gly_241_Arg,0,18,18
7SV7_Arg_242_Lys,0,0,0
7SV7_Met_243_Thr,1,1,0
7SV7_Met_243_Val,0,0,0
7SV7_Met_244_Val,5,5,0
7SV7_Met_244_Ile,0,0,0
7SV7_Arg_248_Thr,3,2,-1
7SV7_Arg_248_Lys,0,0,0
7SV7_Ala_252_Pro,0,0,0
7SV7_Ala_252_Ser,0,0,0
7SV7_Gly_253_Glu,0,0,0
7SV7_Gly_253_Arg,0,0,0
7SV7_Ile_255_Asn,5,16,11
7SV7_Ile_255_Val,0,0,0
7SV7_Ser_256_Gly,0,0,0
7SV7_Ser_256_Asn,0,0,0
7SV7_Glu_257_Ala,2,0,-2
7SV7_Arg_258_Gly,6,0,-6
7SV7_Arg_258_Ile,0,0,0
7SV7_Leu_259_Phe,2,12,10
7SV7_Leu_259_Val,0,0,0
7SV7_Val_260_Gly,4,0,-4
7SV7_Val_260_Met,0,0,0
7SV7_Val_260_Ala,0,0,0
7SV7_Met_265_Arg,7,32,25
7SV7_Ile_269_Thr,4,2,-2
7SV7_Val_272_Ala,1,0,-1
7SV7_Lys_273_Gln,3,4,1
7SV7_Lys_273_Met,0,0,0
7SV7_Cys_276_Phe,3,18,15
7SV7_Glu_279_Asp,0,0,0
7SV7_Ala_280_Ser,4,10,6
7SV7_Met_281_Thr,6,5,-1
7SV7_Met_281_Val,0,0,0
7SV7_Glu_282_Asp,5,4,-1
7SV7_Lys_283_Arg,0,0,0
7SV7_Ile_285_Phe,5,31,26
7SV7_Ile_285_Thr,0,0,0
7SV7_Asn_287_Lys,0,0,0
7SV7_Asn_287_Ser,0,0,0
7SV7_Asn_287_Tyr,0,0,0
7SV7_Gln_290_Arg,0,2,2
7SV7_Thr_291_Arg,2,1,-1
7SV7_Thr_291_Ile,0,0,0
7SV7_Thr_291_Ala,0,0,0
7SV7_Leu_293_Met,6,4,-2
7SV7_Arg_297_Gln,8,4,-4
7SV7_Arg_297_Trp,0,0,0
7SV7_Ala_299_Thr,1,6,5
7SV7_Ala_300_Gly,2,0,-2
7SV7_Tyr_301_Cys,5,0,-5
7SV7_Phe_305_Val,2,4,2
7SV7_Asn_306_Ser,1,1,0
7SV7_Ala_309_Gly,2,0,-2
7SV7_Ala_309_Thr,0,0,0
7SV7_Phe_310_Leu,6,7,1
7SV7_Gly_314_Glu,0,30,30
7SV7_Phe_315_Ser,2,4,2
7SV7_Phe_316_Leu,1,11,10
7SV7_Val_317_Gly,6,0,-6
7SV7_Leu_320_Val,4,1,-3
7SV7_Leu_320_Phe,0,0,0
7SV7_Ser_321_Pro,1,0,-1
7SV7_Val_322_Met,1,6,5
7SV7_Tyr_325_Cys,10,4,-6
7SV7_Leu_327_Arg,4,20,16
7SV7_Ile_331_Asn,9,7,-2
7SV7_Leu_333_Phe,8,15,7
7SV7_Arg_334_Gln,5,2,-3
7SV7_Arg_334_Trp,0,0,0
7SV7_Arg_334_Leu,0,0,0
7SV7_Ile_336_Lys,5,3,-2
7SV7_Ile_336_Thr,0,0,0
7SV7_Phe_337_Val,7,7,0
7SV7_Thr_338_Ile,2,4,2
7SV7_Thr_338_Ala,0,0,0
7SV7_Ile_340_Val,3,2,-1
7SV7_Cys_343_Phe,3,15,12
7SV7_Ile_344_Val,2,0,-2
7SV7_Arg_347_His,7,23,16
7SV7_Arg_347_Pro,0,0,0
7SV7_Arg_347_Cys,0,0,0
7SV7_Arg_347_Ser,0,0,0
7SV7_Met_348_Lys,2,13,11
7SV7_Met_348_Val,0,0,0
7SV7_Ala_349_Val,0,5,5
7SV7_Thr_351_Ser,6,2,-4
7SV7_Thr_351_Ile,0,0,0
7SV7_Arg_352_Trp,5,44,39
7SV7_Arg_352_Gln,0,0,0
7SV7_Gln_353_His,9,34,25
7SV7_Pro_355_Leu,6,12,6
7SV7_Thr_360_Ile,0,3,3
7SV7_Trp_361_Arg,7,15,8
7SV7_Asn_369_Ser,0,0,0
7SV7_Lys_370_Glu,0,0,0
7SV7_Ile_371_Met,5,10,5
7SV7_Ile_371_Thr,0,0,0
7SV7_Asp_373_Asn,0,0,0
7SV7_Asp_373_Tyr,0,0,0
7SV7_Asp_373_Val,0,0,0
7SV7_Leu_375_Phe,4,9,5
7SV7_Gln_378_Arg,2,15,13
7SV7_Glu_379_Asp,4,7,3
7SV7_Tyr_380_Cys,3,1,-2
7SV7_Thr_382_Pro,1,1,0
7SV7_Glu_384_Asp,0,1,1
7SV7_Leu_387_Ser,0,0,0
7SV7_Thr_388_Met,0,3,3
7SV7_Thr_389_Ser,0,1,1
7SV7_Thr_390_Ile,2,8,6
7SV7_Thr_390_Ala,0,0,0
7SV7_Met_394_Thr,13,10,-3
7SV7_Asn_396_Tyr,0,2,2
7SV7_Asn_396_Thr,0,0,0
7SV7_Ala_399_Val,2,8,6
7SV7_Ala_399_Gly,0,0,0
7SV7_Phe_400_Ser,3,1,-2
7SV7_Trp_401_Cys,18,4,-14
7SV7_Trp_401_Leu,0,0,0
7SV7_Gly_404_Arg,0,0,0
7SV7_Gly_404_Val,0,0,0
7SV7_Gly_404_Ala,0,0,0
7SV7_Gly_406_Glu,0,14,14
7SV7_Glu_407_Lys,0,0,0
7SV7_Glu_407_Val,0,0,0
7SV7_Phe_409_Ile,0,0,0
7SV7_Lys_411_Glu,0,0,0
7SV7_Ala_412_Ser,0,0,0
7SV7_Gln_414_Pro,0,0,0
7SV7_Asn_416_Ser,0,0,0
7SV7_Asn_416_Asp,0,0,0
7SV7_Asn_418_Ser,0,0,0
7SV7_Asn_423_Lys,0,0,0
7SV7_Gly_424_Ser,0,0,0
7SV7_Leu_428_Ile,0,0,0
7SV7_Ser_431_Gly,0,0,0
7SV7_Leu_435_Pro,0,0,0
7SV7_Gly_437_Asp,0,0,0
7SV7_Thr_438_Ala,2,0,-2
7SV7_Pro_439_Thr,4,7,3
7SV7_Val_440_Ala,7,1,-6
7SV7_Leu_441_Pro,6,5,-1
7SV7_Asp_443_Tyr,0,1,1
7SV7_Asp_443_Glu,0,0,0
7SV7_Ile_444_Thr,6,2,-4
7SV7_Ile_444_Val,0,0,0
7SV7_Lys_447_Arg,5,15,10
7SV7_Ile_448_Thr,7,6,-1
7SV7_Glu_449_Gly,2,0,-2
7SV7_Arg_450_Ile,0,1,1
7SV7_Gly_451_Arg,0,14,14
7SV7_Gln_452_Arg,6,33,27
7SV7_Ala_455_Val,1,6,5
7SV7_Ala_455_Glu,0,0,0
7SV7_Val_456_Ala,6,1,-5
7SV7_Ser_459_Phe,0,10,10
7SV7_Ala_462_Val,0,2,2
7SV7_Thr_465_Asn,7,18,11
7SV7_Ser_466_Leu,4,23,19
7SV7_Leu_467_Phe,5,15,10
7SV7_Leu_467_Pro,0,0,0
7SV7_Met_469_Ile,7,8,1
7SV7_Met_469_Val,0,0,0
7SV7_Val_470_Met,4,12,8
7SV7_Ile_471_Val,3,1,-2
7SV7_Glu_474_Gln,14,15,1
7SV7_Pro_477_Ser,1,2,1
7SV7_Pro_477_Thr,0,0,0
7SV7_Glu_479_Asp,0,0,0
7SV7_Glu_479_Gly,0,0,0
7SV7_Gly_480_Cys,0,6,6
7SV7_His_484_Tyr,3,3,0
7SV7_Ser_485_Cys,3,6,3
7SV7_Ser_485_Thr,0,0,0
7SV7_Arg_487_Lys,0,13,13
7SV7_Phe_490_Cys,6,1,-5
7SV7_Cys_491_Phe,2,19,17
7SV7_Ser_492_Phe,2,27,25
7SV7_Gln_493_Arg,6,39,33
7SV7_Ser_495_Phe,2,9,7
7SV7_Met_498_Thr,8,8,0
7SV7_Pro_499_Ala,1,0,-1
7SV7_Pro_499_Ser,0,0,0
7SV7_Gly_500_Asp,0,23,23
7SV7_Gly_500_Ser,0,0,0
7SV7_Ile_502_Thr,6,2,-4
7SV7_Ile_502_Val,0,0,0
7SV7_Ile_506_Val,7,3,-4
7SV7_Ile_506_Thr,0,0,0
7SV7_Ile_506_Leu,0,0,0
7SV7_Ile_507_Val,1,4,3
7SV7_Phe_508_Cys,13,4,-9
7SV7_Phe_508_Val,0,0,0
7SV7_Phe_508_Leu,0,0,0
7SV7_Val_510_Ile,4,6,2
7SV7_Asp_513_Gly,1,0,-1
7SV7_Asp_513_Tyr,0,0,0
7SV7_Tyr_515_His,0,0,0
7SV7_Ser_519_Asn,0,5,5
7SV7_Val_520_Ile,2,8,6
7SV7_Val_520_Phe,0,0,0
7SV7_Ile_521_Leu,7,5,-2
7SV7_Ile_521_Phe,0,0,0
7SV7_Cys_524_Arg,2,12,10
7SV7_Glu_527_Gly,5,0,-5
7SV7_Glu_527_Gln,0,0,0
7SV7_Glu_528_Lys,0,0,0
7SV7_Ile_530_Met,2,10,8
7SV7_Ile_530_Asn,0,0,0
7SV7_Lys_532_Asn,0,0,0
7SV7_Ala_534_Glu,2,5,3
7SV7_Ala_534_Ser,0,0,0
7SV7_Lys_536_Glu,1,0,-1
7SV7_Asn_538_Lys,4,3,-1
7SV7_Asn_538_Tyr,0,0,0
7SV7_Ile_539_Thr,14,0,-14
7SV7_Val_540_Ile,0,0,0
7SV7_Val_540_Ala,0,0,0
7SV7_Gly_542_Glu,0,0,0
7SV7_Gly_542_Arg,0,0,0
7SV7_Gly_544_Ser,0,2,2
7SV7_Ile_546_Phe,0,5,5
7SV7_Thr_547_Ile,0,0,0
7SV7_Thr_547_Ala,0,0,0
7SV7_Leu_548_Pro,8,3,-5
7SV7_Ser_549_Asn,8,16,8
7SV7_Ser_549_Arg,0,0,0
7SV7_Gly_551_Asp,0,24,24
7SV7_Gly_551_Ser,0,0,0
7SV7_Arg_553_Gln,6,5,-1
7SV7_Arg_553_Pro,0,0,0
7SV7_Ile_556_Val,4,2,-2
7SV7_Ser_557_Thr,1,4,3
7SV7_Leu_558_Ser,2,1,-1
7SV7_Ala_559_Thr,2,10,8
7SV7_Ala_559_Ser,0,0,0
7SV7_Arg_560_Thr,7,3,-4
7SV7_Arg_560_Ser,0,0,0
7SV7_Ala_561_Glu,2,10,8
7SV7_Ala_561_Ser,0,0,0
7SV7_Val_562_Ile,7,10,3
7SV7_Val_562_Leu,0,0,0
7SV7_Tyr_563_Asn,7,8,1
7SV7_Lys_564_Arg,2,11,9
7SV7_Lys_564_Glu,0,0,0
7SV7_Asp_565_His,0,4,4
7SV7_Asp_565_Tyr,0,0,0
7SV7_Ala_566_Asp,1,6,5
7SV7_Asp_567_Asn,5,4,-1
7SV7_Tyr_569_Asp,5,9,4
7SV7_Asp_572_Glu,8,17,9
7SV7_Ser_573_Phe,0,26,26
7SV7_Ser_573_Cys,0,0,0
7SV7_Pro_574_His,3,27,24
7SV7_Phe_575_Tyr,7,15,8
7SV7_Phe_575_Ile,0,0,0
7SV7_Gly_576_Ala,0,5,5
7SV7_Gly_576_Val,0,0,0
7SV7_Tyr_577_Cys,2,0,-2
7SV7_Tyr_577_Phe,0,0,0
7SV7_Asp_579_Gly,3,0,-3
7SV7_Thr_582_Ser,1,3,2
7SV7_Glu_583_Gly,4,0,-4
7SV7_Glu_585_Lys,0,10,10
7SV7_Phe_587_Val,15,9,-6
7SV7_Phe_587_Ile,0,0,0
7SV7_Glu_588_Lys,1,8,7
7SV7_Glu_588_Gly,0,0,0
7SV7_Glu_588_Ala,0,0,0
7SV7_Ser_589_Thr,0,0,0
7SV7_Cys_592_Tyr,3,30,27
7SV7_Met_595_Val,6,2,-4
7SV7_Met_595_Leu,0,0,0
7SV7_Asn_597_Lys,0,0,0
7SV7_Thr_599_Ser,1,2,1
7SV7_Ile_601_Val,7,4,-3
7SV7_Ile_601_Phe,0,0,0
7SV7_Val_603_Ile,4,10,6
7SV7_Ser_605_Pro,2,0,-2
7SV7_Leu_610_Ile,2,9,7
7SV7_Leu_610_Phe,0,0,0
7SV7_Asp_614_Gly,2,0,-2
7SV7_Ile_616_Val,6,4,-2
7SV7_Leu_617_Phe,2,38,36
7SV7_Ile_618_Thr,4,1,-3
7SV7_His_620_Arg,0,0,0
7SV7_His_620_Leu,0,0,0
7SV7_Gly_622_Asp,0,1,1
7SV7_Tyr_625_Asn,3,5,2
7SV7_Phe_626_Leu,6,4,-2
7SV7_Tyr_627_Cys,4,1,-3
7SV7_Gly_628_Arg,0,47,47
7SV7_Thr_629_Ala,0,0,0
7SV7_Leu_633_Ile,6,13,7
7SV7_Asn_635_Thr,0,1,1
7SV7_Leu_636_Pro,0,0,0
7SV7_Pro_638_Ser,0,0,0
7SV7_Ser_641_Gly,0,0,0
7SV7_Met_645_Thr,0,0,0
7SV7_Met_645_Lys,0,0,0
7SV7_Asp_648_Asn,0,0,0
7SV7_Phe_650_Leu,0,0,0
7SV7_Asp_651_Asn,0,0,0
7SV7_Gln_652_Glu,0,0,0
7SV7_Gln_652_Lys,0,0,0
7SV7_Phe_653_Val,0,0,0
7SV7_Ser_654_Gly,0,0,0
7SV7_Glu_656_Gln,0,0,0
7SV7_Ile_661_Met,0,0,0
7SV7_Ile_661_Val,0,0,0
7SV7_Ile_661_Thr,0,0,0
7SV7_His_667_Tyr,0,0,0
7SV7_Arg_668_Cys,0,0,0
7SV7_Arg_668_His,0,0,0
7SV7_Glu_672_Lys,0,0,0
7SV7_Asp_674_Gly,0,0,0
7SV7_Asp_674_Val,0,0,0
7SV7_Ala_675_Val,0,0,0
7SV7_Pro_676_Ala,0,0,0
7SV7_Pro_676_Ser,0,0,0
7SV7_Glu_681_Val,0,0,0
7SV7_Lys_684_Thr,0,0,0
7SV7_Ser_686_Tyr,0,0,0
7SV7_Ser_686_Thr,0,0,0
7SV7_Lys_688_Gln,0,0,0
7SV7_Thr_690_Ala,0,0,0
7SV7_Gly_691_Arg,0,0,0
7SV7_Phe_693_Leu,0,0,0
7SV7_Glu_695_Gly,0,0,0
7SV7_Asn_699_Lys,0,0,0
7SV7_Asn_703_Ile,0,0,0
7SV7_Pro_704_Leu,0,0,0
7SV7_Pro_704_Arg,0,0,0
7SV7_Ile_705_Val,0,0,0
7SV7_Ser_707_Cys,0,0,0
7SV7_Ile_708_Thr,0,0,0
7SV7_Arg_709_Gln,0,0,0
7SV7_Val_714_Leu,0,0,0
7SV7_Gln_715_His,0,0,0
7SV7_Pro_718_Arg,0,0,0
7SV7_Gln_720_Arg,0,0,0
7SV7_Gly_723_Val,0,0,0
7SV7_Glu_725_Lys,0,0,0
7SV7_Asp_727_Ala,0,0,0
7SV7_Pro_731_Leu,0,0,0
7SV7_Ser_737_Phe,0,0,0
7SV7_Ser_737_Thr,0,0,0
7SV7_Pro_740_Leu,0,0,0
7SV7_Gln_744_Pro,0,0,0
7SV7_Ala_747_Val,0,0,0
7SV7_Pro_750_Leu,0,0,0
7SV7_Arg_751_Cys,0,0,0
7SV7_Arg_751_His,0,0,0
7SV7_Arg_751_Leu,0,0,0
7SV7_Ile_752_Ser,0,0,0
7SV7_Ser_753_Gly,0,0,0
7SV7_Ser_753_Asn,0,0,0
7SV7_Val_754_Met,0,0,0
7SV7_Ile_755_Phe,0,0,0
7SV7_Ser_756_Cys,0,0,0
7SV7_Thr_757_Ser,0,0,0
7SV7_Thr_760_Met,0,0,0
7SV7_Thr_760_Arg,0,0,0
7SV7_Arg_764_Gln,0,0,0
7SV7_Arg_765_Lys,0,0,0
7SV7_Arg_766_Lys,0,0,0
7SV7_Gln_767_His,0,0,0
7SV7_Ser_768_Phe,0,0,0
7SV7_Val_769_Ile,0,0,0
7SV7_His_775_Tyr,0,0,0
7SV7_His_775_Arg,0,0,0
7SV7_Ser_776_Leu,0,0,0
7SV7_Gln_781_His,0,0,0
7SV7_Ile_783_Val,0,0,0
7SV7_Arg_785_Gln,0,0,0
7SV7_Arg_785_Pro,0,0,0
7SV7_Lys_786_Asn,0,0,0
7SV7_Arg_792_Gly,0,0,0
7SV7_Arg_792_Gln,0,0,0
7SV7_Val_794_Leu,0,0,0
7SV7_Leu_796_Pro,0,0,0
7SV7_Pro_798_Ser,0,0,0
7SV7_Gln_799_Lys,0,0,0
7SV7_Ala_800_Ser,0,0,0
7SV7_Ala_800_Val,0,0,0
7SV7_Asn_801_Tyr,0,0,0
7SV7_Leu_802_Phe,0,0,0
7SV7_Asp_806_Gly,0,0,0
7SV7_Ile_807_Met,0,0,0
7SV7_Arg_810_Gly,0,0,0
7SV7_Arg_811_Ser,0,0,0
7SV7_Gly_817_Val,0,0,0
7SV7_Ser_821_Asn,0,0,0
7SV7_Glu_823_Asp,0,0,0
7SV7_Glu_826_Lys,0,0,0
7SV7_Glu_826_Asp,0,0,0
7SV7_Asp_828_Asn,0,0,0
7SV7_Asp_828_Glu,0,0,0
7SV7_Cys_832_Tyr,0,0,0
7SV7_Cys_832_Gly,0,0,0
7SV7_Phe_834_Leu,0,0,0
7SV7_Asp_836_Tyr,0,0,0
7SV7_Met_837_Thr,0,0,0
7SV7_Asn_847_Ser,0,0,0
7SV7_Tyr_849_Cys,4,0,-4
7SV7_Arg_851_Gln,7,2,-5
7SV7_Ile_853_Val,0,0,0
7SV7_Ile_853_Phe,0,0,0
7SV7_Thr_854_Ile,0,5,5
7SV7_Val_855_Ile,1,8,7
7SV7_Lys_857_Asn,0,0,0
7SV7_Leu_859_Phe,5,18,13
7SV7_Val_862_Leu,2,6,4
7SV7_Cys_866_Tyr,2,20,18
7SV7_Glu_873_Val,1,1,0
7SV7_Val_874_Leu,4,15,11
7SV7_Ala_876_Val,1,4,3
7SV7_Ser_877_Ala,2,0,-2
7SV7_Thr_887_Pro,0,0,0
7SV7_Thr_887_Asn,0,0,0
7SV7_Pro_888_His,0,0,0
7SV7_Leu_889_Phe,0,0,0
7SV7_Leu_889_Val,0,0,0
7SV7_Gln_890_Arg,0,0,0
7SV7_Asp_891_Gly,0,0,0
7SV7_Asp_891_Asn,0,0,0
7SV7_Asn_894_Lys,0,0,0
7SV7_Asn_894_Ser,0,0,0
7SV7_Ser_895_Asn,0,0,0
7SV7_Ser_895_Thr,0,0,0
7SV7_Thr_896_Ile,0,0,0
7SV7_His_897_Tyr,0,0,0
7SV7_Ser_898_Arg,0,0,0
7SV7_Asn_901_Ile,0,0,0
7SV7_Tyr_903_Cys,0,0,0
7SV7_Val_905_Leu,3,7,4
7SV7_Ile_907_Ser,4,3,-1
7SV7_Ile_907_Val,0,0,0
7SV7_Thr_908_Asn,1,0,-1
7SV7_Thr_910_Ser,3,3,0
7SV7_Ser_911_Asn,2,13,11
7SV7_Ser_912_Leu,0,4,4
7SV7_Tyr_913_Cys,16,4,-12
7SV7_Val_915_Leu,0,1,1
7SV7_Ile_918_Val,4,1,-3
7SV7_Tyr_919_Cys,6,3,-3
7SV7_Val_920_Met,2,10,8
7SV7_Val_920_Leu,0,0,0
7SV7_Gly_921_Arg,0,41,41
7SV7_Val_922_Gly,0,0,0
7SV7_Asp_924_Asn,2,7,5
7SV7_Thr_925_Asn,2,2,0
7SV7_Leu_926_Phe,1,3,2
7SV7_Leu_926_Ser,0,0,0
7SV7_Gly_934_Ser,0,13,13
7SV7_Pro_936_Thr,1,4,3
7SV7_Pro_936_Leu,0,0,0
7SV7_Val_938_Leu,2,9,7
7SV7_Val_938_Gly,0,0,0
7SV7_Val_938_Met,0,0,0
7SV7_His_939_Asp,8,12,4
7SV7_His_939_Gln,0,0,0
7SV7_Val_944_Ala,4,0,-4
7SV7_Ser_945_Leu,5,12,7
7SV7_Lys_946_Glu,3,4,1
7SV7_Lys_946_Gln,0,0,0
7SV7_Leu_948_Phe,4,17,13
7SV7_His_949_Leu,4,18,14
7SV7_His_949_Tyr,0,0,0
7SV7_His_950_Arg,0,31,31
7SV7_Lys_951_Glu,1,4,3
7SV7_Lys_951_Thr,0,0,0
7SV7_Met_952_Thr,10,4,-6
7SV7_Met_952_Ile,0,0,0
7SV7_His_954_Tyr,6,15,9
7SV7_Ala_959_Val,3,9,6
7SV7_Ala_959_Thr,0,0,0
7SV7_Pro_960_Ser,3,1,-2
7SV7_Pro_960_Leu,0,0,0
7SV7_Met_961_Thr,3,1,-2
7SV7_Met_961_Ile,0,0,0
7SV7_Met_961_Val,0,0,0
7SV7_Leu_964_Phe,5,7,2
7SV7_Asn_965_Lys,0,7,7
7SV7_Leu_967_Ser,3,0,-3
7SV7_Gly_970_Asp,0,13,13
7SV7_Phe_976_Ser,13,0,-13
7SV7_Phe_976_Leu,0,0,0
7SV7_Ser_977_Phe,3,22,19
7SV7_Ser_977_Ala,0,0,0
7SV7_Ser_977_Cys,0,0,0
7SV7_Ser_977_Pro,0,0,0
7SV7_Lys_978_Arg,5,40,35
7SV7_Asp_979_Ala,5,0,-5
7SV7_Asp_979_Gly,0,0,0
7SV7_Ile_980_Lys,3,23,20
7SV7_Ile_982_Val,5,2,-3
7SV7_Asp_984_Asn,5,6,1
7SV7_Asp_985_Asn,2,1,-1
7SV7_Asp_985_Glu,0,0,0
7SV7_Leu_986_Pro,1,5,4
7SV7_Thr_990_Asn,1,1,0
7SV7_Thr_990_Ser,0,0,0
7SV7_Ile_991_Val,4,3,-1
7SV7_Ile_991_Met,0,0,0
7SV7_Phe_992_Leu,4,10,6
7SV7_Asp_993_Gly,3,0,-3
7SV7_Phe_994_Leu,4,13,9
7SV7_Phe_994_Cys,0,0,0
7SV7_Ile_995_Asn,3,1,-2
7SV7_Ile_995_Leu,0,0,0
7SV7_Leu_997_Phe,6,16,10
7SV7_Val_1001_Leu,2,7,5
7SV7_Ile_1002_Phe,1,2,1
7SV7_Gly_1003_Glu,0,39,39
7SV7_Ala_1004_Gly,0,0,0
7SV7_Ile_1005_Arg,2,22,20
7SV7_Ala_1006_Thr,0,0,0
7SV7_Ala_1006_Glu,0,0,0
7SV7_Val_1008_Asp,4,1,-3
7SV7_Ala_1009_Thr,1,3,2
7SV7_Ala_1009_Val,0,0,0
7SV7_Pro_1013_His,0,0,0
7SV7_Pro_1013_Leu,0,0,0
7SV7_Pro_1013_Arg,0,0,0
7SV7_Tyr_1014_Cys,1,5,4
7SV7_Phe_1016_Ser,3,2,-1
7SV7_Ala_1018_Thr,2,6,4
7SV7_Pro_1021_Thr,1,0,-1
7SV7_Pro_1021_Ser,0,0,0
7SV7_Val_1022_Met,8,20,12
7SV7_Ile_1023_Val,5,1,-4
7SV7_Ile_1023_Arg,0,0,0
7SV7_Ala_1025_Ser,1,1,0
7SV7_Ala_1025_Val,0,0,0
7SV7_Ile_1027_Thr,0,0,0
7SV7_Met_1028_Val,0,1,1
7SV7_Met_1028_Arg,0,0,0
7SV7_Met_1028_Ile,0,0,0
7SV7_Leu_1029_Met,3,0,-3
7SV7_Ala_1031_Val,0,2,2
7SV7_Tyr_1032_Cys,4,0,-4
7SV7_Thr_1036_Asn,3,4,1
7SV7_Gln_1039_Arg,2,5,3
7SV7_Lys_1041_Gln,3,12,9
7SV7_Glu_1044_Gln,7,13,6
7SV7_Gly_1047_Val,0,11,11
7SV7_Ser_1049_Asn,1,4,3
7SV7_Pro_1050_Ala,1,1,0
7SV7_Ile_1051_Val,3,2,-1
7SV7_Ile_1051_Phe,0,0,0
7SV7_Phe_1052_Val,3,3,0
7SV7_Phe_1052_Leu,0,0,0
7SV7_Thr_1053_Ile,0,3,3
7SV7_His_1054_Gln,9,5,-4
7SV7_His_1054_Tyr,0,0,0
7SV7_Thr_1057_Ala,3,0,-3
7SV7_Gly_1061_Arg,0,55,55
7SV7_Leu_1065_Phe,9,19,10
7SV7_Arg_1066_His,8,5,-3
7SV7_Arg_1066_Cys,0,0,0
7SV7_Ala_1067_Val,2,8,6
7SV7_Ala_1067_Thr,0,0,0
7SV7_Gly_1069_Arg,0,0,0
7SV7_Arg_1070_Gln,7,4,-3
7SV7_Arg_1070_Trp,0,0,0
7SV7_Gln_1071_Arg,4,30,26
7SV7_Phe_1074_Leu,14,6,-8
7SV7_Leu_1077_Pro,4,5,1
7SV7_Lys_1080_Arg,1,4,3
7SV7_Lys_1080_Gln,0,0,0
7SV7_Lys_1080_Glu,0,0,0
7SV7_Ala_1081_Gly,0,0,0
7SV7_His_1085_Pro,5,3,-2
7SV7_Thr_1086_Ser,6,3,-3
7SV7_Thr_1086_Ala,0,0,0
7SV7_Trp_1089_Cys,12,8,-4
7SV7_Phe_1090_Leu,6,14,8
7SV7_Leu_1091_Phe,6,21,15
7SV7_Tyr_1092_His,7,5,-2
7SV7_Tyr_1092_Cys,0,0,0
7SV7_Arg_1097_Cys,9,1,-8
7SV7_Arg_1097_His,0,0,0
7SV7_Arg_1097_Pro,0,0,0
7SV7_Trp_1098_Cys,11,5,-6
7SV7_Phe_1099_Leu,10,26,16
7SV7_Gln_1100_Pro,4,2,-2
7SV7_Met_1101_Lys,5,18,13
7SV7_Met_1101_Ile,0,0,0
7SV7_Arg_1102_Lys,7,27,20
7SV7_Ile_1106_Thr,2,0,-2
7SV7_Val_1108_Leu,3,8,5
7SV7_Ile_1109_Val,0,0,0
7SV7_Phe_1111_Leu,9,15,6
7SV7_Val_1114_Leu,8,8,0
7SV7_Phe_1116_Ser,2,0,-2
7SV7_Ile_1117_Thr,2,1,-1
7SV7_Ser_1118_Phe,3,32,29
7SV7_Ser_1118_Cys,0,0,0
7SV7_Gly_1130_Ala,0,7,7
7SV7_Gly_1130_Val,0,0,0
7SV7_Gly_1130_Ser,0,0,0
7SV7_Ile_1131_Val,11,7,-4
7SV7_Ala_1136_Thr,2,7,5
7SV7_Met_1137_Val,8,6,-2
7SV7_Met_1137_Thr,0,0,0
7SV7_Ile_1139_Val,5,4,-1
7SV7_Met_1140_Val,10,5,-5
7SV7_Ala_1146_Val,2,6,4
7SV7_Ala_1146_Asp,0,0,0
7SV7_Val_1147_Glu,0,13,13
7SV7_Asn_1148_Lys,3,11,8
7SV7_Ile_1151_Val,4,1,-3
7SV7_Asp_1152_His,0,10,10
7SV7_Val_1153_Glu,3,10,7
7SV7_Val_1153_Met,0,0,0
7SV7_Asp_1154_Glu,2,16,14
7SV7_Asp_1154_Gly,0,0,0
7SV7_Leu_1156_Phe,2,4,2
7SV7_Met_1157_Ile,6,11,5
7SV7_Arg_1158_Gln,7,12,5
7SV7_Ser_1159_Pro,6,5,-1
7SV7_Ser_1159_Phe,0,0,0
7SV7_Arg_1162_Leu,7,4,-3
7SV7_Arg_1162_Gln,0,0,0
7SV7_Val_1163_Gly,2,0,-2
7SV7_Lys_1165_Arg,0,7,7
7SV7_Ile_1167_Val,2,0,-2
7SV7_Asp_1168_Gly,0,0,0
7SV7_Thr_1171_Ala,0,0,0
7SV7_Glu_1172_Gln,3,6,3
7SV7_Gly_1173_Ser,0,2,2
7SV7_Lys_1174_Thr,0,0,0
7SV7_Lys_1177_Arg,0,0,0
7SV7_Lys_1177_Thr,0,0,0
7SV7_Pro_1181_Gln,0,0,0
7SV7_Tyr_1182_His,0,0,0
7SV7_Lys_1183_Asn,0,0,0
7SV7_Asn_1184_Lys,0,0,0
7SV7_Gln_1186_His,0,0,0
7SV7_Leu_1187_Val,0,0,0
7SV7_Leu_1187_Ile,0,0,0
7SV7_Ser_1188_Pro,0,0,0
7SV7_Ser_1188_Leu,0,0,0
7SV7_Met_1191_Thr,0,0,0
7SV7_His_1197_Leu,0,0,0
7SV7_His_1197_Arg,0,0,0
7SV7_Val_1198_Met,0,0,0
7SV7_Val_1198_Leu,0,0,0
7SV7_Lys_1199_Arg,0,0,0
7SV7_Lys_1200_Gln,0,0,0
7SV7_Asp_1201_Tyr,0,0,0
7SV7_Ile_1203_Phe,2,0,-2
7SV7_Ile_1203_Val,0,0,0
7SV7_Gly_1208_Asp,0,9,9
7SV7_Gln_1209_Lys,6,5,-1
7SV7_Met_1210_Leu,8,13,5
7SV7_Thr_1216_Ala,0,0,0
7SV7_Ala_1217_Val,2,11,9
7SV7_Tyr_1219_His,26,15,-11
7SV7_Thr_1220_Ile,0,0,0
7SV7_Gly_1223_Arg,0,18,18
7SV7_Asn_1224_Lys,0,0,0
7SV7_Ala_1225_Val,2,7,5
7SV7_Ile_1226_Thr,5,5,0
7SV7_Leu_1227_Ser,8,4,-4
7SV7_Glu_1228_Gln,2,2,0
7SV7_Glu_1228_Gly,0,0,0
7SV7_Asn_1229_Lys,1,2,1
7SV7_Ile_1230_Thr,9,4,-5
7SV7_Ile_1230_Val,0,0,0
7SV7_Ile_1234_Val,4,3,-1
7SV7_Ser_1235_Arg,4,1,-3
7SV7_Gly_1237_Asp,0,1,1
7SV7_Gln_1238_Lys,8,9,1
7SV7_Val_1240_Gly,4,0,-4
7SV7_Gly_1241_Asp,0,20,20
7SV7_Leu_1242_Phe,7,22,15
7SV7_Gly_1244_Glu,0,31,31
7SV7_Gly_1244_Val,0,0,0
7SV7_Thr_1246_Ile,3,7,4
7SV7_Thr_1246_Ser,0,0,0
7SV7_Ser_1248_Leu,1,3,2
7SV7_Gly_1249_Glu,0,20,20
7SV7_Gly_1249_Arg,0,0,0
7SV7_Ser_1251_Asn,6,17,11
7SV7_Ser_1251_Arg,0,0,0
7SV7_Leu_1254_Phe,8,17,9
7SV7_Ser_1255_Thr,1,1,0
7SV7_Ser_1255_Leu,0,0,0
7SV7_Ala_1256_Val,2,9,7
7SV7_Phe_1257_Leu,8,6,-2
7SV7_Arg_1259_Thr,3,0,-3
7SV7_Thr_1263_Ile,2,12,10
7SV7_Glu_1264_Gly,0,0,0
7SV7_Gln_1268_Arg,0,7,7
7SV7_Ile_1269_Met,10,8,-2
7SV7_Asp_1270_Asn,1,2,1
7SV7_Asp_1270_Gly,0,0,0
7SV7_Val_1272_Glu,3,14,11
7SV7_Val_1272_Gly,0,0,0
7SV7_Ile_1277_Val,4,4,0
7SV7_Ile_1277_Thr,0,0,0
7SV7_Leu_1279_Trp,2,42,40
7SV7_Gln_1281_Arg,5,4,-1
7SV7_Trp_1282_Cys,14,2,-12
7SV7_Arg_1283_Lys,3,5,2
7SV7_Ala_1285_Val,2,10,8
7SV7_Val_1288_Ala,4,0,-4
7SV7_Ile_1289_Val,4,1,-3
7SV7_Pro_1290_Leu,6,12,6
7SV7_Pro_1290_Thr,0,0,0
7SV7_Gln_1291_His,6,26,20
7SV7_Gln_1291_Arg,0,0,0
7SV7_Val_1293_Ile,5,12,7
7SV7_Val_1293_Leu,0,0,0
7SV7_Thr_1299_Ala,2,0,-2
7SV7_Phe_1300_Leu,9,5,-4
7SV7_Asn_1303_Lys,3,11,8
7SV7_Asn_1303_Ile,0,0,0
7SV7_Asn_1303_Tyr,0,0,0
7SV7_Leu_1304_Val,3,2,-1
7SV7_Pro_1306_Ser,6,2,-4
7SV7_Tyr_1307_Asn,3,1,-2
7SV7_Gln_1309_Glu,0,3,3
7SV7_Trp_1310_Gly,6,0,-6
7SV7_Ser_1311_Arg,3,1,-2
7SV7_Asp_1312_Gly,1,0,-1
7SV7_Gln_1313_Lys,0,0,0
7SV7_Val_1318_Ala,5,0,-5
7SV7_Val_1318_Ile,0,0,0
7SV7_Val_1322_Phe,4,24,20
7SV7_Val_1322_Ile,0,0,0
7SV7_Val_1327_Leu,9,17,8
7SV7_Ile_1328_Thr,3,2,-1
7SV7_Ile_1328_Met,0,0,0
7SV7_Ile_1328_Val,0,0,0
7SV7_Gln_1330_Glu,0,0,0
7SV7_Phe_1331_Leu,6,6,0
7SV7_Phe_1331_Ile,0,0,0
7SV7_Leu_1335_Phe,7,31,24
7SV7_Phe_1337_Val,2,2,0
7SV7_Leu_1339_Pro,6,1,-5
7SV7_Asp_1341_Gly,2,0,-2
7SV7_Gly_1343_Ser,0,10,10
7SV7_Gly_1343_Ala,0,0,0
7SV7_Gly_1343_Asp,0,0,0
7SV7_Cys_1344_Ser,2,1,-1
7SV7_Leu_1346_Gln,5,9,4
7SV7_Ser_1347_Asn,7,29,22
7SV7_Gly_1349_Ser,0,8,8
7SV7_Lys_1351_Asn,3,5,2
7SV7_Gln_1352_His,4,7,3
7SV7_Gln_1352_Glu,0,0,0
7SV7_Met_1354_Thr,2,0,-2
7SV7_Met_1354_Ile,0,0,0
7SV7_Cys_1355_Gly,2,0,-2
7SV7_Cys_1355_Phe,0,0,0
7SV7_Arg_1358_Gly,4,0,-4
7SV7_Ser_1359_Cys,2,5,3
7SV7_Leu_1361_Val,5,5,0
7SV7_Ser_1362_Asn,0,0,0
7SV7_Ser_1362_Thr,0,0,0
7SV7_Lys_1363_Arg,1,0,-1
7SV7_Ala_1364_Val,0,0,0
7SV7_Ile_1366_Phe,9,10,1
7SV7_Ile_1366_Thr,0,0,0
7SV7_Ile_1366_Asn,0,0,0
7SV7_Leu_1369_Phe,10,24,14
7SV7_Asp_1370_Gly,8,0,-8
7SV7_Asp_1370_His,0,0,0
7SV7_Pro_1372_Leu,5,12,7
7SV7_His_1375_Asn,3,1,-2
7SV7_His_1375_Arg,0,0,0
7SV7_Asp_1377_Asn,5,6,1
7SV7_Asp_1377_His,0,0,0
7SV7_Pro_1378_Leu,1,3,2
7SV7_Val_1379_Leu,1,1,0
7SV7_Thr_1380_Ile,10,18,8
7SV7_Tyr_1381_His,6,13,7
7SV7_Tyr_1381_Ser,0,0,0
7SV7_Tyr_1381_Cys,0,0,0
7SV7_Gln_1382_Lys,1,0,-1
7SV7_Gln_1382_His,0,0,0
7SV7_Arg_1385_Gly,2,0,-2
7SV7_Arg_1386_Gly,1,0,-1
7SV7_Phe_1392_Leu,8,6,-2
7SV7_Asp_1394_Gly,1,0,-1
7SV7_Asp_1394_His,0,0,0
7SV7_Cys_1395_Phe,3,15,12
7SV7_Thr_1396_Pro,2,3,1
7SV7_Thr_1396_Arg,0,0,0
7SV7_Ile_1398_Ser,6,2,-4
7SV7_Arg_1403_Lys,4,0,-4
7SV7_Arg_1403_Gly,0,0,0
7SV7_Glu_1409_Lys,0,23,23
7SV7_Cys_1410_Trp,1,31,30
7SV7_Cys_1410_Ser,0,0,0
7SV7_Gln_1411_Pro,1,3,2
7SV7_Phe_1413_Leu,5,17,12
7SV7_Val_1415_Gly,7,0,-7
7SV7_Val_1415_Asp,0,0,0
7SV7_Asn_1419_Lys,0,4,4
7SV7_Val_1421_Leu,7,14,7
7SV7_Val_1421_Met,0,0,0
7SV7_Arg_1422_Trp,3,0,-3
7SV7_Arg_1422_Gln,0,0,0
7SV7_Arg_1422_Pro,0,0,0
7SV7_Ser_1426_Phe,1,1,0
7SV7_Ser_1426_Pro,0,0,0
7SV7_Ser_1426_Tyr,0,0,0
7SV7_Leu_1431_Arg,8,23,15
7SV7_Asn_1432_Lys,0,0,0
7SV7_Glu_1433_Lys,3,17,14
7SV7_Leu_1436_Phe,0,0,0
7SV7_Arg_1438_Trp,2,39,37
7SV7_Ala_1440_Thr,0,2,2
7SV7_Ile_1441_Thr,2,1,-1
7SV7_Ile_1441_Val,0,0,0
7SV7_Ser_1442_Arg,2,20,18
7SV7_Pro_1443_Ser,1,0,-1
7SV7_Pro_1443_Ala,0,0,0
7SV7_Ser_1444_Phe,0,0,0
7SV7_Asp_1445_Asn,3,2,-1
7SV7_Phe_1450_Ile,5,1,-4
7SV7_Arg_1453_Trp,0,0,0
7SV7_Arg_1453_Gln,0,0,0
7SV7_Ser_1455_Ala,0,0,0
7SV7_Lys_1457_Asn,0,0,0
7SV7_Lys_1461_Glu,0,0,0
7SV7_Ile_1464_Thr,0,0,0
7SV7_Ala_1466_Ser,0,0,0
7SV7_Val_1475_Met,0,0,0
7SV7_Val_1475_Leu,0,0,0
7SV7_Thr_1478_Arg,0,0,0
7SV7_Thr_1478_Ile,0,0,0
7SV7_Arg_1479_Lys,0,0,0
7SV7_Leu_1480_Pro,0,0,0
7SV7_Ter_1481_Tyr,0,0,0
8EJ1_Met_1_?,0,0,0
8EJ1_Arg_3_Met,1,1,0
8EJ1_Ser_4_Leu,1,4,3
8EJ1_Ser_4_Ala,0,0,0
8EJ1_Pro_5_Leu,0,0,0
8EJ1_Leu_6_Arg,0,1,1
8EJ1_Glu_7_Gln,0,1,1
8EJ1_Ala_9_Val,0,0,0
8EJ1_Ser_10_Arg,0,0,0
8EJ1_Ser_10_Asn,0,0,0
8EJ1_Val_11_Ile,0,0,0
8EJ1_Val_11_Leu,0,0,0
8EJ1_Val_11_Ala,0,0,0
8EJ1_Val_12_Ala,0,0,0
8EJ1_Lys_14_Ile,0,0,0
8EJ1_Lys_14_Arg,0,0,0
8EJ1_Lys_14_Glu,0,0,0
8EJ1_Leu_15_Phe,0,0,0
8EJ1_Leu_15_Val,0,0,0
8EJ1_Phe_17_Leu,1,4,3
8EJ1_Ser_18_Gly,1,0,-1
8EJ1_Thr_20_Ser,0,1,1
8EJ1_Arg_21_Ile,0,2,2
8EJ1_Leu_24_Val,0,0,0
8EJ1_Lys_26_Glu,0,0,0
8EJ1_Tyr_28_His,0,3,3
8EJ1_Arg_29_Thr,0,0,0
8EJ1_Arg_31_Cys,0,0,0
8EJ1_Arg_31_His,0,0,0
8EJ1_Arg_31_Leu,0,0,0
8EJ1_Leu_32_Met,1,4,3
8EJ1_Leu_32_Pro,0,0,0
8EJ1_Ser_35_Leu,0,0,0
8EJ1_Ile_37_Val,0,1,1
8EJ1_Tyr_38_His,0,2,2
8EJ1_Tyr_38_Asn,0,0,0
8EJ1_Tyr_38_Cys,0,0,0
8EJ1_Gln_39_His,2,2,0
8EJ1_Ser_42_Phe,0,0,0
8EJ1_Val_43_Ile,0,0,0
8EJ1_Val_43_Ala,0,0,0
8EJ1_Val_43_Leu,0,0,0
8EJ1_Asp_44_Val,1,4,3
8EJ1_Ala_46_Val,0,2,2
8EJ1_Asn_48_Lys,1,3,2
8EJ1_Leu_49_Pro,0,1,1
8EJ1_Lys_52_Ile,0,0,0
8EJ1_Glu_54_Gly,0,0,0
8EJ1_Glu_56_Lys,1,4,3
8EJ1_Trp_57_Arg,0,4,4
8EJ1_Asp_58_His,0,0,0
8EJ1_Asp_58_Gly,0,0,0
8EJ1_Asp_58_Val,0,0,0
8EJ1_Glu_60_Asp,1,4,3
8EJ1_Lys_64_Glu,0,3,3
8EJ1_Lys_65_Arg,0,0,0
8EJ1_Pro_67_Leu,0,2,2
8EJ1_Lys_68_Glu,0,3,3
8EJ1_Lys_68_Asn,0,0,0
8EJ1_Ala_72_Thr,2,4,2
8EJ1_Leu_73_Phe,0,3,3
8EJ1_Arg_74_Trp,0,6,6
8EJ1_Arg_74_Gln,0,0,0
8EJ1_Arg_75_Gln,0,1,1
8EJ1_Arg_75_Leu,0,0,0
8EJ1_Cys_76_Trp,0,2,2
8EJ1_Cys_76_Arg,0,0,0
8EJ1_Phe_78_Tyr,1,5,4
8EJ1_Phe_78_Leu,0,0,0
8EJ1_Trp_79_Arg,1,0,-1
8EJ1_Phe_81_Leu,0,3,3
8EJ1_Phe_83_Leu,0,0,0
8EJ1_Tyr_84_His,0,6,6
8EJ1_Tyr_84_Cys,0,0,0
8EJ1_Gly_85_Glu,0,11,11
8EJ1_Ile_86_Val,0,0,0
8EJ1_Phe_87_Ser,0,0,0
8EJ1_Leu_88_Phe,0,0,0
8EJ1_Leu_88_Ser,0,0,0
8EJ1_Tyr_89_Cys,0,1,1
8EJ1_Gly_91_Arg,0,7,7
8EJ1_Thr_94_Ile,0,0,0
8EJ1_Thr_94_Pro,0,0,0
8EJ1_Val_97_Ala,0,0,0
8EJ1_Gln_98_Arg,0,7,7
8EJ1_Pro_99_Leu,0,3,3
8EJ1_Leu_102_Arg,0,5,5
8EJ1_Arg_104_Gly,0,0,0
8EJ1_Ile_105_Val,0,0,0
8EJ1_Tyr_109_Asn,0,0,0
8EJ1_Asp_110_His,0,0,0
8EJ1_Asp_110_Glu,0,0,0
8EJ1_Asp_110_Tyr,0,0,0
8EJ1_Pro_111_Leu,0,0,0
8EJ1_Asp_112_Gly,0,0,0
8EJ1_Asp_112_Asn,0,0,0
8EJ1_Glu_116_Gln,0,0,0
8EJ1_Glu_116_Gly,0,0,0
8EJ1_Glu_116_Ala,0,0,0
8EJ1_Arg_117_His,0,0,0
8EJ1_Arg_117_Cys,0,0,0
8EJ1_Arg_117_Gly,0,0,0
8EJ1_Arg_117_Leu,0,0,0
8EJ1_Arg_117_Ser,0,0,0
8EJ1_Ser_118_Phe,0,0,0
8EJ1_Ser_118_Cys,0,0,0
8EJ1_Ile_119_Val,0,0,0
8EJ1_Ala_120_Thr,0,1,1
8EJ1_Ala_120_Ser,0,0,0
8EJ1_Ile_121_Phe,0,0,0
8EJ1_Tyr_122_Cys,0,0,0
8EJ1_Ile_125_Thr,0,0,0
8EJ1_Gly_126_Asp,0,0,0
8EJ1_Gly_126_Ser,0,0,0
8EJ1_Gly_126_Val,0,0,0
8EJ1_Leu_130_Val,0,0,0
8EJ1_Phe_131_Leu,0,0,0
8EJ1_Ile_132_Val,0,0,0
8EJ1_Ile_132_Thr,0,0,0
8EJ1_Gly_134_Ala,0,0,0
8EJ1_Thr_135_Ser,0,0,0
8EJ1_Leu_138_Pro,0,0,0
8EJ1_Ser_138_Asn,0,0,0
8EJ1_His_139_Pro,1,1,0
8EJ1_His_139_Tyr,0,0,0
8EJ1_Pro_140_Ser,0,0,0
8EJ1_Pro_140_Arg,0,0,0
8EJ1_Ala_141_Thr,0,1,1
8EJ1_Met_142_Thr,0,0,0
8EJ1_Glu_144_Lys,0,0,0
8EJ1_Glu_144_Asp,0,0,0
8EJ1_His_147_Gln,0,0,0
8EJ1_His_147_Asn,0,0,0
8EJ1_Ile_148_Thr,0,0,0
8EJ1_Gly_149_Glu,0,5,5
8EJ1_Met_150_Ile,0,4,4
8EJ1_Gln_151_Lys,0,0,0
8EJ1_Gln_151_Arg,0,0,0
8EJ1_Gln_151_Pro,0,0,0
8EJ1_Met_152_Leu,0,1,1
8EJ1_Gly_152_Arg,0,0,0
8EJ1_Met_152_Ile,0,0,0
8EJ1_Arg_153_Lys,0,7,7
8EJ1_Ile_154_Thr,0,0,0
8EJ1_Tyr_155_Asn,1,4,3
8EJ1_Met_156_Val,0,0,0
8EJ1_Ser_158_Asn,0,0,0
8EJ1_Ser_158_Thr,0,0,0
8EJ1_Ser_158_Cys,0,0,0
8EJ1_Leu_159_Ser,0,0,0
8EJ1_Ile_160_Val,0,0,0
8EJ1_Tyr_161_Cys,2,5,3
8EJ1_Thr_164_Ala,0,0,0
8EJ1_Arg_170_His,0,2,2
8EJ1_Arg_170_Cys,0,0,0
8EJ1_Arg_170_Ser,0,0,0
8EJ1_Val_171_Ile,1,4,3
8EJ1_Leu_172_Ile,0,2,2
8EJ1_Ser_176_Thr,0,0,0
8EJ1_Ser_176_Asn,0,0,0
8EJ1_Ser_176_Arg,0,0,0
8EJ1_Ile_177_Phe,0,6,6
8EJ1_Ile_177_Thr,0,0,0
8EJ1_Ile_177_Met,0,0,0
8EJ1_Ile_177_Val,0,0,0
8EJ1_Gly_178_Arg,0,1,1
8EJ1_Gly_178_Glu,0,0,0
8EJ1_Gln_179_Lys,0,3,3
8EJ1_Leu_180_Val,1,6,5
8EJ1_Leu_183_Ile,0,2,2
8EJ1_Arg_183_Lys,0,0,0
8EJ1_Glu_185_Val,0,0,0
8EJ1_His_186_Gln,0,1,1
8EJ1_Asn_187_Lys,0,4,4
8EJ1_Cys_187_Ser,0,0,0
8EJ1_Cys_187_Gly,0,0,0
8EJ1_Leu_188_Phe,0,1,1
8EJ1_Leu_188_Pro,0,0,0
8EJ1_Cys_190_Ser,0,0,0
8EJ1_Phe_191_Val,0,0,0
8EJ1_Glu_193_Gly,0,0,0
8EJ1_Glu_193_Lys,0,0,0
8EJ1_Gly_194_Val,0,0,0
8EJ1_Ala_196_Val,0,0,0
8EJ1_Ala_198_Val,0,1,1
8EJ1_Ala_198_Pro,0,0,0
8EJ1_His_199_Arg,0,4,4
8EJ1_Phe_200_Leu,1,3,2
8EJ1_Phe_200_Ile,0,0,0
8EJ1_Val_201_Met,0,1,1
8EJ1_Ala_204_Thr,0,1,1
8EJ1_Ala_204_Ser,0,0,0
8EJ1_Pro_205_Ser,0,0,0
8EJ1_Pro_205_Leu,0,0,0
8EJ1_Leu_206_Trp,0,2,2
8EJ1_Gln_207_His,0,2,2
8EJ1_Val_208_Ala,0,0,0
8EJ1_Ala_209_Ser,0,0,0
8EJ1_Leu_210_Phe,0,0,0
8EJ1_Met_212_Val,0,0,0
8EJ1_Gly_213_Glu,0,0,0
8EJ1_Leu_214_Val,0,0,0
8EJ1_Trp_216_Arg,0,3,3
8EJ1_Glu_217_Gly,0,0,0
8EJ1_Glu_217_Lys,0,0,0
8EJ1_Gln_220_Pro,0,0,0
8EJ1_Ala_221_Val,0,0,0
8EJ1_Phe_224_Leu,0,0,0
8EJ1_Cys_225_Tyr,0,6,6
8EJ1_Gly_226_Glu,0,3,3
8EJ1_Gly_226_Val,0,0,0
8EJ1_Phe_229_Tyr,0,9,9
8EJ1_Val_232_Asp,0,0,0
8EJ1_Leu_233_Val,0,0,0
8EJ1_Ala_234_Ser,0,0,0
8EJ1_Phe_236_Ser,0,0,0
8EJ1_Gln_237_Glu,0,1,1
8EJ1_Gly_239_Arg,0,0,0
8EJ1_Gly_241_Arg,0,1,1
8EJ1_Arg_242_Lys,0,0,0
8EJ1_Met_243_Thr,0,0,0
8EJ1_Met_243_Val,0,0,0
8EJ1_Met_244_Val,0,1,1
8EJ1_Met_244_Ile,0,0,0
8EJ1_Arg_248_Thr,0,0,0
8EJ1_Arg_248_Lys,0,0,0
8EJ1_Ala_252_Pro,0,1,1
8EJ1_Ala_252_Ser,0,0,0
8EJ1_Gly_253_Glu,0,0,0
8EJ1_Gly_253_Arg,0,0,0
8EJ1_Ile_255_Asn,0,0,0
8EJ1_Ile_255_Val,0,0,0
8EJ1_Ser_256_Gly,0,0,0
8EJ1_Ser_256_Asn,0,0,0
8EJ1_Glu_257_Ala,0,0,0
8EJ1_Arg_258_Gly,0,0,0
8EJ1_Arg_258_Ile,0,0,0
8EJ1_Leu_259_Phe,0,2,2
8EJ1_Leu_259_Val,0,0,0
8EJ1_Val_260_Gly,0,0,0
8EJ1_Val_260_Met,0,0,0
8EJ1_Val_260_Ala,0,0,0
8EJ1_Met_265_Arg,0,6,6
8EJ1_Ile_269_Thr,0,0,0
8EJ1_Val_272_Ala,0,0,0
8EJ1_Lys_273_Gln,0,0,0
8EJ1_Lys_273_Met,0,0,0
8EJ1_Cys_276_Phe,0,6,6
8EJ1_Glu_279_Asp,0,0,0
8EJ1_Ala_280_Ser,1,1,0
8EJ1_Met_281_Thr,0,0,0
8EJ1_Met_281_Val,0,0,0
8EJ1_Glu_282_Asp,0,0,0
8EJ1_Lys_283_Arg,0,0,0
8EJ1_Ile_285_Phe,0,3,3
8EJ1_Ile_285_Thr,0,0,0
8EJ1_Asn_287_Lys,0,0,0
8EJ1_Asn_287_Ser,0,0,0
8EJ1_Asn_287_Tyr,0,0,0
8EJ1_Gln_290_Arg,0,0,0
8EJ1_Thr_291_Arg,0,0,0
8EJ1_Thr_291_Ile,0,0,0
8EJ1_Thr_291_Ala,0,0,0
8EJ1_Leu_293_Met,0,0,0
8EJ1_Arg_297_Gln,0,2,2
8EJ1_Arg_297_Trp,0,0,0
8EJ1_Ala_299_Thr,1,3,2
8EJ1_Ala_300_Gly,0,0,0
8EJ1_Tyr_301_Cys,0,0,0
8EJ1_Phe_305_Val,0,0,0
8EJ1_Asn_306_Ser,1,2,1
8EJ1_Ala_309_Gly,0,0,0
8EJ1_Ala_309_Thr,0,0,0
8EJ1_Phe_310_Leu,0,1,1
8EJ1_Gly_314_Glu,0,2,2
8EJ1_Phe_315_Ser,2,4,2
8EJ1_Phe_316_Leu,0,0,0
8EJ1_Val_317_Gly,0,0,0
8EJ1_Leu_320_Val,0,0,0
8EJ1_Leu_320_Phe,0,0,0
8EJ1_Ser_321_Pro,0,0,0
8EJ1_Val_322_Met,0,1,1
8EJ1_Tyr_325_Cys,0,2,2
8EJ1_Leu_327_Arg,0,0,0
8EJ1_Ile_331_Asn,1,1,0
8EJ1_Leu_333_Phe,0,1,1
8EJ1_Arg_334_Gln,0,4,4
8EJ1_Arg_334_Trp,0,0,0
8EJ1_Arg_334_Leu,0,0,0
8EJ1_Ile_336_Lys,0,3,3
8EJ1_Ile_336_Thr,0,0,0
8EJ1_Phe_337_Val,0,1,1
8EJ1_Thr_338_Ile,0,0,0
8EJ1_Thr_338_Ala,0,0,0
8EJ1_Ile_340_Val,0,0,0
8EJ1_Cys_343_Phe,0,4,4
8EJ1_Ile_344_Val,0,0,0
8EJ1_Arg_347_His,0,14,14
8EJ1_Arg_347_Pro,0,0,0
8EJ1_Arg_347_Cys,0,0,0
8EJ1_Arg_347_Ser,0,0,0
8EJ1_Met_348_Lys,0,3,3
8EJ1_Met_348_Val,0,0,0
8EJ1_Ala_349_Val,0,0,0
8EJ1_Thr_351_Ser,0,0,0
8EJ1_Thr_351_Ile,0,0,0
8EJ1_Arg_352_Trp,0,23,23
8EJ1_Arg_352_Gln,0,0,0
8EJ1_Gln_353_His,0,2,2
8EJ1_Pro_355_Leu,0,1,1
8EJ1_Thr_360_Ile,0,0,0
8EJ1_Trp_361_Arg,0,9,9
8EJ1_Asn_369_Ser,0,0,0
8EJ1_Lys_370_Glu,0,0,0
8EJ1_Ile_371_Met,0,2,2
8EJ1_Ile_371_Thr,0,0,0
8EJ1_Asp_373_Asn,0,0,0
8EJ1_Asp_373_Tyr,0,0,0
8EJ1_Asp_373_Val,0,0,0
8EJ1_Leu_375_Phe,0,3,3
8EJ1_Gln_378_Arg,2,10,8
8EJ1_Glu_379_Asp,0,0,0
8EJ1_Tyr_380_Cys,1,1,0
8EJ1_Thr_382_Pro,0,0,0
8EJ1_Glu_384_Asp,0,0,0
8EJ1_Leu_387_Ser,0,0,0
8EJ1_Thr_388_Met,0,3,3
8EJ1_Thr_389_Ser,0,1,1
8EJ1_Thr_390_Ile,0,2,2
8EJ1_Thr_390_Ala,0,0,0
8EJ1_Met_394_Thr,0,1,1
8EJ1_Asn_396_Tyr,0,2,2
8EJ1_Asn_396_Thr,0,0,0
8EJ1_Ala_399_Val,0,0,0
8EJ1_Ala_399_Gly,0,0,0
8EJ1_Phe_400_Ser,0,0,0
8EJ1_Trp_401_Cys,0,0,0
8EJ1_Trp_401_Leu,0,0,0
8EJ1_Gly_404_Arg,0,0,0
8EJ1_Gly_404_Val,0,0,0
8EJ1_Gly_404_Ala,0,0,0
8EJ1_Gly_406_Glu,0,0,0
8EJ1_Glu_407_Lys,0,0,0
8EJ1_Glu_407_Val,0,0,0
8EJ1_Phe_409_Ile,0,0,0
8EJ1_Lys_411_Glu,0,0,0
8EJ1_Ala_412_Ser,0,0,0
8EJ1_Gln_414_Pro,0,0,0
8EJ1_Asn_416_Ser,0,0,0
8EJ1_Asn_416_Asp,0,0,0
8EJ1_Asn_418_Ser,0,0,0
8EJ1_Asn_423_Lys,0,0,0
8EJ1_Gly_424_Ser,0,0,0
8EJ1_Leu_428_Ile,0,0,0
8EJ1_Ser_431_Gly,0,0,0
8EJ1_Leu_435_Pro,0,0,0
8EJ1_Gly_437_Asp,0,0,0
8EJ1_Thr_438_Ala,0,0,0
8EJ1_Pro_439_Thr,0,1,1
8EJ1_Val_440_Ala,0,0,0
8EJ1_Leu_441_Pro,0,0,0
8EJ1_Asp_443_Tyr,0,1,1
8EJ1_Asp_443_Glu,0,0,0
8EJ1_Ile_444_Thr,1,1,0
8EJ1_Ile_444_Val,0,0,0
8EJ1_Lys_447_Arg,0,9,9
8EJ1_Ile_448_Thr,1,3,2
8EJ1_Glu_449_Gly,0,0,0
8EJ1_Arg_450_Ile,0,0,0
8EJ1_Gly_451_Arg,0,0,0
8EJ1_Gln_452_Arg,1,4,3
8EJ1_Ala_455_Val,1,4,3
8EJ1_Ala_455_Glu,0,0,0
8EJ1_Val_456_Ala,1,1,0
8EJ1_Ser_459_Phe,0,1,1
8EJ1_Ala_462_Val,0,2,2
8EJ1_Thr_465_Asn,0,0,0
8EJ1_Ser_466_Leu,0,0,0
8EJ1_Leu_467_Phe,0,3,3
8EJ1_Leu_467_Pro,0,0,0
8EJ1_Met_469_Ile,2,5,3
8EJ1_Met_469_Val,0,0,0
8EJ1_Val_470_Met,1,5,4
8EJ1_Ile_471_Val,0,0,0
8EJ1_Glu_474_Gln,1,1,0
8EJ1_Pro_477_Ser,0,0,0
8EJ1_Pro_477_Thr,0,0,0
8EJ1_Glu_479_Asp,1,1,0
8EJ1_Glu_479_Gly,0,0,0
8EJ1_Gly_480_Cys,0,4,4
8EJ1_His_484_Tyr,0,1,1
8EJ1_Ser_485_Cys,1,2,1
8EJ1_Ser_485_Thr,0,0,0
8EJ1_Arg_487_Lys,1,3,2
8EJ1_Phe_490_Cys,1,2,1
8EJ1_Cys_491_Phe,0,5,5
8EJ1_Ser_492_Phe,0,7,7
8EJ1_Gln_493_Arg,0,1,1
8EJ1_Ser_495_Phe,1,11,10
8EJ1_Met_498_Thr,0,0,0
8EJ1_Pro_499_Ala,0,0,0
8EJ1_Pro_499_Ser,0,0,0
8EJ1_Gly_500_Asp,0,5,5
8EJ1_Gly_500_Ser,0,0,0
8EJ1_Ile_502_Thr,0,0,0
8EJ1_Ile_502_Val,0,0,0
8EJ1_Ile_506_Val,0,0,0
8EJ1_Ile_506_Thr,0,0,0
8EJ1_Ile_506_Leu,0,0,0
8EJ1_Ile_507_Val,1,3,2
8EJ1_Phe_508_Cys,0,0,0
8EJ1_Phe_508_Val,0,0,0
8EJ1_Phe_508_Leu,0,0,0
8EJ1_Val_510_Ile,0,0,0
8EJ1_Asp_513_Gly,1,0,-1
8EJ1_Asp_513_Tyr,0,0,0
8EJ1_Tyr_515_His,0,0,0
8EJ1_Ser_519_Asn,0,0,0
8EJ1_Val_520_Ile,1,6,5
8EJ1_Val_520_Phe,0,0,0
8EJ1_Ile_521_Leu,2,4,2
8EJ1_Ile_521_Phe,0,0,0
8EJ1_Cys_524_Arg,1,13,12
8EJ1_Glu_527_Gly,1,0,-1
8EJ1_Glu_527_Gln,0,0,0
8EJ1_Glu_528_Lys,0,0,0
8EJ1_Ile_530_Met,0,1,1
8EJ1_Ile_530_Asn,0,0,0
8EJ1_Lys_532_Asn,0,0,0
8EJ1_Ala_534_Glu,0,0,0
8EJ1_Ala_534_Ser,0,0,0
8EJ1_Lys_536_Glu,0,0,0
8EJ1_Asn_538_Lys,1,1,0
8EJ1_Asn_538_Tyr,0,0,0
8EJ1_Ile_539_Thr,0,1,1
8EJ1_Val_540_Ile,1,3,2
8EJ1_Val_540_Ala,0,0,0
8EJ1_Gly_542_Glu,0,0,0
8EJ1_Gly_542_Arg,0,0,0
8EJ1_Gly_544_Ser,0,0,0
8EJ1_Ile_546_Phe,0,0,0
8EJ1_Thr_547_Ile,0,2,2
8EJ1_Thr_547_Ala,0,0,0
8EJ1_Leu_548_Pro,0,1,1
8EJ1_Ser_549_Asn,1,1,0
8EJ1_Ser_549_Arg,0,0,0
8EJ1_Gly_551_Asp,0,2,2
8EJ1_Gly_551_Ser,0,0,0
8EJ1_Arg_553_Gln,0,3,3
8EJ1_Arg_553_Pro,0,0,0
8EJ1_Ile_556_Val,0,0,0
8EJ1_Ser_557_Thr,1,3,2
8EJ1_Leu_558_Ser,0,0,0
8EJ1_Ala_559_Thr,1,3,2
8EJ1_Ala_559_Ser,0,0,0
8EJ1_Arg_560_Thr,0,0,0
8EJ1_Arg_560_Ser,0,0,0
8EJ1_Ala_561_Glu,0,0,0
8EJ1_Ala_561_Ser,0,0,0
8EJ1_Val_562_Ile,0,1,1
8EJ1_Val_562_Leu,0,0,0
8EJ1_Tyr_563_Asn,1,4,3
8EJ1_Lys_564_Arg,0,3,3
8EJ1_Lys_564_Glu,0,0,0
8EJ1_Asp_565_His,0,0,0
8EJ1_Asp_565_Tyr,0,0,0
8EJ1_Ala_566_Asp,1,4,3
8EJ1_Asp_567_Asn,2,3,1
8EJ1_Tyr_569_Asp,1,3,2
8EJ1_Asp_572_Glu,0,2,2
8EJ1_Ser_573_Phe,0,1,1
8EJ1_Ser_573_Cys,0,0,0
8EJ1_Pro_574_His,0,9,9
8EJ1_Phe_575_Tyr,0,8,8
8EJ1_Phe_575_Ile,0,0,0
8EJ1_Gly_576_Ala,0,1,1
8EJ1_Gly_576_Val,0,0,0
8EJ1_Tyr_577_Cys,0,1,1
8EJ1_Tyr_577_Phe,0,0,0
8EJ1_Asp_579_Gly,0,0,0
8EJ1_Thr_582_Ser,1,1,0
8EJ1_Glu_583_Gly,1,0,-1
8EJ1_Glu_585_Lys,0,0,0
8EJ1_Phe_587_Val,0,0,0
8EJ1_Phe_587_Ile,0,0,0
8EJ1_Glu_588_Lys,0,0,0
8EJ1_Glu_588_Gly,0,0,0
8EJ1_Glu_588_Ala,0,0,0
8EJ1_Ser_589_Thr,0,0,0
8EJ1_Cys_592_Tyr,0,9,9
8EJ1_Met_595_Val,0,0,0
8EJ1_Met_595_Leu,0,0,0
8EJ1_Asn_597_Lys,0,0,0
8EJ1_Thr_599_Ser,0,0,0
8EJ1_Ile_601_Val,1,3,2
8EJ1_Ile_601_Phe,0,0,0
8EJ1_Val_603_Ile,1,4,3
8EJ1_Ser_605_Pro,0,0,0
8EJ1_Leu_610_Ile,0,0,0
8EJ1_Leu_610_Phe,0,0,0
8EJ1_Asp_614_Gly,1,0,-1
8EJ1_Ile_616_Val,0,0,0
8EJ1_Leu_617_Phe,0,5,5
8EJ1_Ile_618_Thr,1,1,0
8EJ1_His_620_Arg,1,6,5
8EJ1_His_620_Leu,0,0,0
8EJ1_Gly_622_Asp,0,1,1
8EJ1_Tyr_625_Asn,1,4,3
8EJ1_Phe_626_Leu,1,1,0
8EJ1_Tyr_627_Cys,0,0,0
8EJ1_Gly_628_Arg,0,6,6
8EJ1_Thr_629_Ala,0,0,0
8EJ1_Leu_633_Ile,0,0,0
8EJ1_Asn_635_Thr,0,0,0
8EJ1_Leu_636_Pro,0,0,0
8EJ1_Pro_638_Ser,0,0,0
8EJ1_Ser_641_Gly,0,0,0
8EJ1_Met_645_Thr,0,0,0
8EJ1_Met_645_Lys,0,0,0
8EJ1_Asp_648_Asn,0,0,0
8EJ1_Phe_650_Leu,0,0,0
8EJ1_Asp_651_Asn,0,0,0
8EJ1_Gln_652_Glu,0,0,0
8EJ1_Gln_652_Lys,0,0,0
8EJ1_Phe_653_Val,0,0,0
8EJ1_Ser_654_Gly,0,0,0
8EJ1_Glu_656_Gln,0,0,0
8EJ1_Ile_661_Met,0,0,0
8EJ1_Ile_661_Val,0,0,0
8EJ1_Ile_661_Thr,0,0,0
8EJ1_His_667_Tyr,0,0,0
8EJ1_Arg_668_Cys,0,0,0
8EJ1_Arg_668_His,0,0,0
8EJ1_Glu_672_Lys,0,0,0
8EJ1_Asp_674_Gly,0,0,0
8EJ1_Asp_674_Val,0,0,0
8EJ1_Ala_675_Val,0,0,0
8EJ1_Pro_676_Ala,0,0,0
8EJ1_Pro_676_Ser,0,0,0
8EJ1_Glu_681_Val,0,0,0
8EJ1_Lys_684_Thr,0,0,0
8EJ1_Ser_686_Tyr,0,0,0
8EJ1_Ser_686_Thr,0,0,0
8EJ1_Lys_688_Gln,0,0,0
8EJ1_Thr_690_Ala,0,0,0
8EJ1_Gly_691_Arg,0,0,0
8EJ1_Phe_693_Leu,0,0,0
8EJ1_Glu_695_Gly,0,0,0
8EJ1_Asn_699_Lys,0,0,0
8EJ1_Asn_703_Ile,0,0,0
8EJ1_Pro_704_Leu,0,0,0
8EJ1_Pro_704_Arg,0,0,0
8EJ1_Ile_705_Val,0,0,0
8EJ1_Ser_707_Cys,0,0,0
8EJ1_Ile_708_Thr,0,0,0
8EJ1_Arg_709_Gln,0,0,0
8EJ1_Val_714_Leu,0,0,0
8EJ1_Gln_715_His,0,0,0
8EJ1_Pro_718_Arg,0,0,0
8EJ1_Gln_720_Arg,0,0,0
8EJ1_Gly_723_Val,0,0,0
8EJ1_Glu_725_Lys,0,0,0
8EJ1_Asp_727_Ala,0,0,0
8EJ1_Pro_731_Leu,0,0,0
8EJ1_Ser_737_Phe,0,0,0
8EJ1_Ser_737_Thr,0,0,0
8EJ1_Pro_740_Leu,0,0,0
8EJ1_Gln_744_Pro,0,0,0
8EJ1_Ala_747_Val,0,0,0
8EJ1_Pro_750_Leu,0,0,0
8EJ1_Arg_751_Cys,0,0,0
8EJ1_Arg_751_His,0,0,0
8EJ1_Arg_751_Leu,0,0,0
8EJ1_Ile_752_Ser,0,0,0
8EJ1_Ser_753_Gly,0,0,0
8EJ1_Ser_753_Asn,0,0,0
8EJ1_Val_754_Met,0,0,0
8EJ1_Ile_755_Phe,0,0,0
8EJ1_Ser_756_Cys,0,0,0
8EJ1_Thr_757_Ser,0,0,0
8EJ1_Thr_760_Met,0,0,0
8EJ1_Thr_760_Arg,0,0,0
8EJ1_Arg_764_Gln,0,0,0
8EJ1_Arg_765_Lys,0,0,0
8EJ1_Arg_766_Lys,0,0,0
8EJ1_Gln_767_His,0,0,0
8EJ1_Ser_768_Phe,0,0,0
8EJ1_Val_769_Ile,0,0,0
8EJ1_His_775_Tyr,0,0,0
8EJ1_His_775_Arg,0,0,0
8EJ1_Ser_776_Leu,0,0,0
8EJ1_Gln_781_His,0,0,0
8EJ1_Ile_783_Val,0,0,0
8EJ1_Arg_785_Gln,0,0,0
8EJ1_Arg_785_Pro,0,0,0
8EJ1_Lys_786_Asn,0,0,0
8EJ1_Arg_792_Gly,0,0,0
8EJ1_Arg_792_Gln,0,0,0
8EJ1_Val_794_Leu,0,0,0
8EJ1_Leu_796_Pro,0,0,0
8EJ1_Pro_798_Ser,0,0,0
8EJ1_Gln_799_Lys,0,0,0
8EJ1_Ala_800_Ser,0,0,0
8EJ1_Ala_800_Val,0,0,0
8EJ1_Asn_801_Tyr,0,0,0
8EJ1_Leu_802_Phe,0,0,0
8EJ1_Asp_806_Gly,0,0,0
8EJ1_Ile_807_Met,0,0,0
8EJ1_Arg_810_Gly,0,0,0
8EJ1_Arg_811_Ser,0,0,0
8EJ1_Gly_817_Val,0,0,0
8EJ1_Ser_821_Asn,0,0,0
8EJ1_Glu_823_Asp,0,0,0
8EJ1_Glu_826_Lys,0,0,0
8EJ1_Glu_826_Asp,0,0,0
8EJ1_Asp_828_Asn,0,0,0
8EJ1_Asp_828_Glu,0,0,0
8EJ1_Cys_832_Tyr,0,0,0
8EJ1_Cys_832_Gly,0,0,0
8EJ1_Phe_834_Leu,0,0,0
8EJ1_Asp_836_Tyr,0,0,0
8EJ1_Met_837_Thr,0,0,0
8EJ1_Asn_847_Ser,0,0,0
8EJ1_Tyr_849_Cys,0,0,0
8EJ1_Arg_851_Gln,0,0,0
8EJ1_Ile_853_Val,0,0,0
8EJ1_Ile_853_Phe,0,0,0
8EJ1_Thr_854_Ile,0,0,0
8EJ1_Val_855_Ile,0,0,0
8EJ1_Lys_857_Asn,0,0,0
8EJ1_Leu_859_Phe,1,3,2
8EJ1_Val_862_Leu,0,4,4
8EJ1_Cys_866_Tyr,0,3,3
8EJ1_Glu_873_Val,0,0,0
8EJ1_Val_874_Leu,0,0,0
8EJ1_Ala_876_Val,0,0,0
8EJ1_Ser_877_Ala,0,0,0
8EJ1_Thr_887_Pro,0,0,0
8EJ1_Thr_887_Asn,0,0,0
8EJ1_Pro_888_His,0,0,0
8EJ1_Leu_889_Phe,0,0,0
8EJ1_Leu_889_Val,0,0,0
8EJ1_Gln_890_Arg,0,0,0
8EJ1_Asp_891_Gly,0,0,0
8EJ1_Asp_891_Asn,0,0,0
8EJ1_Asn_894_Lys,0,0,0
8EJ1_Asn_894_Ser,0,0,0
8EJ1_Ser_895_Asn,0,0,0
8EJ1_Ser_895_Thr,0,0,0
8EJ1_Thr_896_Ile,0,0,0
8EJ1_His_897_Tyr,0,0,0
8EJ1_Ser_898_Arg,0,0,0
8EJ1_Asn_901_Ile,0,0,0
8EJ1_Tyr_903_Cys,0,0,0
8EJ1_Val_905_Leu,0,0,0
8EJ1_Ile_907_Ser,0,0,0
8EJ1_Ile_907_Val,0,0,0
8EJ1_Thr_908_Asn,0,0,0
8EJ1_Thr_910_Ser,0,0,0
8EJ1_Ser_911_Asn,0,0,0
8EJ1_Ser_912_Leu,0,0,0
8EJ1_Tyr_913_Cys,0,0,0
8EJ1_Val_915_Leu,0,1,1
8EJ1_Ile_918_Val,0,0,0
8EJ1_Tyr_919_Cys,0,0,0
8EJ1_Val_920_Met,0,4,4
8EJ1_Val_920_Leu,0,0,0
8EJ1_Gly_921_Arg,0,0,0
8EJ1_Val_922_Gly,2,0,-2
8EJ1_Asp_924_Asn,0,0,0
8EJ1_Thr_925_Asn,2,6,4
8EJ1_Leu_926_Phe,0,4,4
8EJ1_Leu_926_Ser,0,0,0
8EJ1_Gly_934_Ser,0,1,1
8EJ1_Pro_936_Thr,0,1,1
8EJ1_Pro_936_Leu,0,0,0
8EJ1_Val_938_Leu,0,3,3
8EJ1_Val_938_Gly,0,0,0
8EJ1_Val_938_Met,0,0,0
8EJ1_His_939_Asp,0,0,0
8EJ1_His_939_Gln,0,0,0
8EJ1_Val_944_Ala,0,0,0
8EJ1_Ser_945_Leu,1,6,5
8EJ1_Lys_946_Glu,0,2,2
8EJ1_Lys_946_Gln,0,0,0
8EJ1_Leu_948_Phe,0,3,3
8EJ1_His_949_Leu,0,1,1
8EJ1_His_949_Tyr,0,0,0
8EJ1_His_950_Arg,0,0,0
8EJ1_Lys_951_Glu,0,0,0
8EJ1_Lys_951_Thr,0,0,0
8EJ1_Met_952_Thr,0,0,0
8EJ1_Met_952_Ile,0,0,0
8EJ1_His_954_Tyr,0,0,0
8EJ1_Ala_959_Val,0,3,3
8EJ1_Ala_959_Thr,0,0,0
8EJ1_Pro_960_Ser,0,0,0
8EJ1_Pro_960_Leu,0,0,0
8EJ1_Met_961_Thr,0,1,1
8EJ1_Met_961_Ile,0,0,0
8EJ1_Met_961_Val,0,0,0
8EJ1_Leu_964_Phe,0,3,3
8EJ1_Asn_965_Lys,0,1,1
8EJ1_Leu_967_Ser,0,0,0
8EJ1_Gly_970_Asp,0,0,0
8EJ1_Phe_976_Ser,0,0,0
8EJ1_Phe_976_Leu,0,0,0
8EJ1_Ser_977_Phe,0,2,2
8EJ1_Ser_977_Ala,0,0,0
8EJ1_Ser_977_Cys,0,0,0
8EJ1_Ser_977_Pro,0,0,0
8EJ1_Lys_978_Arg,0,0,0
8EJ1_Asp_979_Ala,0,0,0
8EJ1_Asp_979_Gly,0,0,0
8EJ1_Ile_980_Lys,0,0,0
8EJ1_Ile_982_Val,0,0,0
8EJ1_Asp_984_Asn,1,4,3
8EJ1_Asp_985_Asn,0,0,0
8EJ1_Asp_985_Glu,0,0,0
8EJ1_Leu_986_Pro,0,1,1
8EJ1_Thr_990_Asn,0,0,0
8EJ1_Thr_990_Ser,0,0,0
8EJ1_Ile_991_Val,0,0,0
8EJ1_Ile_991_Met,0,0,0
8EJ1_Phe_992_Leu,0,4,4
8EJ1_Asp_993_Gly,0,0,0
8EJ1_Phe_994_Leu,0,3,3
8EJ1_Phe_994_Cys,0,0,0
8EJ1_Ile_995_Asn,0,0,0
8EJ1_Ile_995_Leu,0,0,0
8EJ1_Leu_997_Phe,0,6,6
8EJ1_Val_1001_Leu,0,2,2
8EJ1_Ile_1002_Phe,0,0,0
8EJ1_Gly_1003_Glu,0,2,2
8EJ1_Ala_1004_Gly,0,0,0
8EJ1_Ile_1005_Arg,0,0,0
8EJ1_Ala_1006_Thr,0,0,0
8EJ1_Ala_1006_Glu,0,0,0
8EJ1_Val_1008_Asp,0,2,2
8EJ1_Ala_1009_Thr,0,1,1
8EJ1_Ala_1009_Val,0,0,0
8EJ1_Pro_1013_His,0,0,0
8EJ1_Pro_1013_Leu,0,0,0
8EJ1_Pro_1013_Arg,0,0,0
8EJ1_Tyr_1014_Cys,0,0,0
8EJ1_Phe_1016_Ser,0,1,1
8EJ1_Ala_1018_Thr,0,1,1
8EJ1_Pro_1021_Thr,0,0,0
8EJ1_Pro_1021_Ser,0,0,0
8EJ1_Val_1022_Met,0,2,2
8EJ1_Ile_1023_Val,0,0,0
8EJ1_Ile_1023_Arg,0,0,0
8EJ1_Ala_1025_Ser,0,0,0
8EJ1_Ala_1025_Val,0,0,0
8EJ1_Ile_1027_Thr,0,0,0
8EJ1_Met_1028_Val,0,0,0
8EJ1_Met_1028_Arg,0,0,0
8EJ1_Met_1028_Ile,0,0,0
8EJ1_Leu_1029_Met,0,1,1
8EJ1_Ala_1031_Val,0,0,0
8EJ1_Tyr_1032_Cys,0,0,0
8EJ1_Thr_1036_Asn,0,1,1
8EJ1_Gln_1039_Arg,1,3,2
8EJ1_Lys_1041_Gln,0,0,0
8EJ1_Glu_1044_Gln,0,4,4
8EJ1_Gly_1047_Val,0,0,0
8EJ1_Ser_1049_Asn,0,0,0
8EJ1_Pro_1050_Ala,0,0,0
8EJ1_Ile_1051_Val,0,2,2
8EJ1_Ile_1051_Phe,0,0,0
8EJ1_Phe_1052_Val,0,0,0
8EJ1_Phe_1052_Leu,0,0,0
8EJ1_Thr_1053_Ile,0,0,0
8EJ1_His_1054_Gln,2,1,-1
8EJ1_His_1054_Tyr,0,0,0
8EJ1_Thr_1057_Ala,0,0,0
8EJ1_Gly_1061_Arg,0,9,9
8EJ1_Leu_1065_Phe,0,6,6
8EJ1_Arg_1066_His,0,4,4
8EJ1_Arg_1066_Cys,0,0,0
8EJ1_Ala_1067_Val,1,3,2
8EJ1_Ala_1067_Thr,0,0,0
8EJ1_Gly_1069_Arg,0,2,2
8EJ1_Arg_1070_Gln,1,2,1
8EJ1_Arg_1070_Trp,0,0,0
8EJ1_Gln_1071_Arg,0,0,0
8EJ1_Phe_1074_Leu,0,1,1
8EJ1_Leu_1077_Pro,0,1,1
8EJ1_Lys_1080_Arg,0,0,0
8EJ1_Lys_1080_Gln,0,0,0
8EJ1_Lys_1080_Glu,0,0,0
8EJ1_Ala_1081_Gly,1,0,-1
8EJ1_His_1085_Pro,0,0,0
8EJ1_Thr_1086_Ser,0,0,0
8EJ1_Thr_1086_Ala,0,0,0
8EJ1_Trp_1089_Cys,1,0,-1
8EJ1_Phe_1090_Leu,0,0,0
8EJ1_Leu_1091_Phe,0,2,2
8EJ1_Tyr_1092_His,1,7,6
8EJ1_Tyr_1092_Cys,0,0,0
8EJ1_Arg_1097_Cys,0,0,0
8EJ1_Arg_1097_His,0,0,0
8EJ1_Arg_1097_Pro,0,0,0
8EJ1_Trp_1098_Cys,1,3,2
8EJ1_Phe_1099_Leu,4,19,15
8EJ1_Gln_1100_Pro,0,0,0
8EJ1_Met_1101_Lys,1,6,5
8EJ1_Met_1101_Ile,0,0,0
8EJ1_Arg_1102_Lys,0,0,0
8EJ1_Ile_1106_Thr,0,0,0
8EJ1_Val_1108_Leu,0,3,3
8EJ1_Ile_1109_Val,0,0,0
8EJ1_Phe_1111_Leu,0,1,1
8EJ1_Val_1114_Leu,0,1,1
8EJ1_Phe_1116_Ser,0,0,0
8EJ1_Ile_1117_Thr,0,0,0
8EJ1_Ser_1118_Phe,0,7,7
8EJ1_Ser_1118_Cys,0,0,0
8EJ1_Gly_1130_Ala,0,0,0
8EJ1_Gly_1130_Val,0,0,0
8EJ1_Gly_1130_Ser,0,0,0
8EJ1_Ile_1131_Val,0,0,0
8EJ1_Ala_1136_Thr,0,1,1
8EJ1_Met_1137_Val,0,0,0
8EJ1_Met_1137_Thr,0,0,0
8EJ1_Ile_1139_Val,0,0,0
8EJ1_Met_1140_Val,0,0,0
8EJ1_Ala_1146_Val,0,1,1
8EJ1_Ala_1146_Asp,0,0,0
8EJ1_Val_1147_Glu,0,2,2
8EJ1_Asn_1148_Lys,0,0,0
8EJ1_Ile_1151_Val,0,0,0
8EJ1_Asp_1152_His,0,3,3
8EJ1_Val_1153_Glu,0,2,2
8EJ1_Val_1153_Met,0,0,0
8EJ1_Asp_1154_Glu,0,0,0
8EJ1_Asp_1154_Gly,0,0,0
8EJ1_Leu_1156_Phe,0,6,6
8EJ1_Met_1157_Ile,0,1,1
8EJ1_Arg_1158_Gln,0,0,0
8EJ1_Ser_1159_Pro,0,0,0
8EJ1_Ser_1159_Phe,0,0,0
8EJ1_Arg_1162_Leu,0,0,0
8EJ1_Arg_1162_Gln,0,0,0
8EJ1_Val_1163_Gly,0,0,0
8EJ1_Lys_1165_Arg,0,2,2
8EJ1_Ile_1167_Val,0,0,0
8EJ1_Asp_1168_Gly,0,0,0
8EJ1_Thr_1171_Ala,0,0,0
8EJ1_Glu_1172_Gln,0,0,0
8EJ1_Gly_1173_Ser,0,0,0
8EJ1_Lys_1174_Thr,0,0,0
8EJ1_Lys_1177_Arg,0,0,0
8EJ1_Lys_1177_Thr,0,0,0
8EJ1_Pro_1181_Gln,0,0,0
8EJ1_Tyr_1182_His,0,0,0
8EJ1_Lys_1183_Asn,0,0,0
8EJ1_Asn_1184_Lys,0,0,0
8EJ1_Gln_1186_His,0,0,0
8EJ1_Leu_1187_Val,0,0,0
8EJ1_Leu_1187_Ile,0,0,0
8EJ1_Ser_1188_Pro,0,0,0
8EJ1_Ser_1188_Leu,0,0,0
8EJ1_Met_1191_Thr,0,0,0
8EJ1_His_1197_Leu,0,0,0
8EJ1_His_1197_Arg,0,0,0
8EJ1_Val_1198_Met,0,0,0
8EJ1_Val_1198_Leu,0,0,0
8EJ1_Lys_1199_Arg,0,0,0
8EJ1_Lys_1200_Gln,0,0,0
8EJ1_Asp_1201_Tyr,0,0,0
8EJ1_Ile_1203_Phe,0,0,0
8EJ1_Ile_1203_Val,0,0,0
8EJ1_Gly_1208_Asp,0,4,4
8EJ1_Gln_1209_Lys,0,0,0
8EJ1_Met_1210_Leu,1,4,3
8EJ1_Thr_1216_Ala,0,0,0
8EJ1_Ala_1217_Val,1,4,3
8EJ1_Tyr_1219_His,0,0,0
8EJ1_Thr_1220_Ile,0,0,0
8EJ1_Gly_1223_Arg,0,7,7
8EJ1_Asn_1224_Lys,0,0,0
8EJ1_Ala_1225_Val,0,1,1
8EJ1_Ile_1226_Thr,0,1,1
8EJ1_Leu_1227_Ser,1,1,0
8EJ1_Glu_1228_Gln,0,5,5
8EJ1_Glu_1228_Gly,0,0,0
8EJ1_Asn_1229_Lys,0,0,0
8EJ1_Ile_1230_Thr,1,2,1
8EJ1_Ile_1230_Val,0,0,0
8EJ1_Ile_1234_Val,0,0,0
8EJ1_Ser_1235_Arg,0,0,0
8EJ1_Gly_1237_Asp,0,0,0
8EJ1_Gln_1238_Lys,0,3,3
8EJ1_Val_1240_Gly,0,0,0
8EJ1_Gly_1241_Asp,0,6,6
8EJ1_Leu_1242_Phe,0,5,5
8EJ1_Gly_1244_Glu,0,5,5
8EJ1_Gly_1244_Val,0,0,0
8EJ1_Thr_1246_Ile,1,3,2
8EJ1_Thr_1246_Ser,0,0,0
8EJ1_Ser_1248_Leu,0,0,0
8EJ1_Gly_1249_Glu,0,0,0
8EJ1_Gly_1249_Arg,0,0,0
8EJ1_Ser_1251_Asn,0,0,0
8EJ1_Ser_1251_Arg,0,0,0
8EJ1_Leu_1254_Phe,0,6,6
8EJ1_Ser_1255_Thr,0,0,0
8EJ1_Ser_1255_Leu,0,0,0
8EJ1_Ala_1256_Val,0,1,1
8EJ1_Phe_1257_Leu,0,0,0
8EJ1_Arg_1259_Thr,0,0,0
8EJ1_Thr_1263_Ile,0,4,4
8EJ1_Glu_1264_Gly,0,0,0
8EJ1_Gln_1268_Arg,0,0,0
8EJ1_Ile_1269_Met,1,3,2
8EJ1_Asp_1270_Asn,0,0,0
8EJ1_Asp_1270_Gly,0,0,0
8EJ1_Val_1272_Glu,0,2,2
8EJ1_Val_1272_Gly,0,0,0
8EJ1_Ile_1277_Val,0,2,2
8EJ1_Ile_1277_Thr,0,0,0
8EJ1_Leu_1279_Trp,0,0,0
8EJ1_Gln_1281_Arg,1,3,2
8EJ1_Trp_1282_Cys,0,1,1
8EJ1_Arg_1283_Lys,0,0,0
8EJ1_Ala_1285_Val,0,0,0
8EJ1_Val_1288_Ala,1,1,0
8EJ1_Ile_1289_Val,0,1,1
8EJ1_Pro_1290_Leu,1,2,1
8EJ1_Pro_1290_Thr,0,0,0
8EJ1_Gln_1291_His,0,4,4
8EJ1_Gln_1291_Arg,0,0,0
8EJ1_Val_1293_Ile,1,4,3
8EJ1_Val_1293_Leu,0,0,0
8EJ1_Thr_1299_Ala,0,0,0
8EJ1_Phe_1300_Leu,0,1,1
8EJ1_Asn_1303_Lys,1,5,4
8EJ1_Asn_1303_Ile,0,0,0
8EJ1_Asn_1303_Tyr,0,0,0
8EJ1_Leu_1304_Val,0,0,0
8EJ1_Pro_1306_Ser,0,1,1
8EJ1_Tyr_1307_Asn,0,1,1
8EJ1_Gln_1309_Glu,0,2,2
8EJ1_Trp_1310_Gly,0,0,0
8EJ1_Ser_1311_Arg,0,0,0
8EJ1_Asp_1312_Gly,0,0,0
8EJ1_Gln_1313_Lys,0,0,0
8EJ1_Val_1318_Ala,0,0,0
8EJ1_Val_1318_Ile,0,0,0
8EJ1_Val_1322_Phe,0,6,6
8EJ1_Val_1322_Ile,0,0,0
8EJ1_Val_1327_Leu,0,0,0
8EJ1_Ile_1328_Thr,0,0,0
8EJ1_Ile_1328_Met,0,0,0
8EJ1_Ile_1328_Val,0,0,0
8EJ1_Gln_1330_Glu,0,0,0
8EJ1_Phe_1331_Leu,1,4,3
8EJ1_Phe_1331_Ile,0,0,0
8EJ1_Leu_1335_Phe,0,3,3
8EJ1_Phe_1337_Val,2,4,2
8EJ1_Leu_1339_Pro,0,0,0
8EJ1_Asp_1341_Gly,0,0,0
8EJ1_Gly_1343_Ser,0,3,3
8EJ1_Gly_1343_Ala,0,0,0
8EJ1_Gly_1343_Asp,0,0,0
8EJ1_Cys_1344_Ser,0,0,0
8EJ1_Leu_1346_Gln,1,2,1
8EJ1_Ser_1347_Asn,0,2,2
8EJ1_Gly_1349_Ser,0,2,2
8EJ1_Lys_1351_Asn,0,1,1
8EJ1_Gln_1352_His,0,0,0
8EJ1_Gln_1352_Glu,0,0,0
8EJ1_Met_1354_Thr,0,0,0
8EJ1_Met_1354_Ile,0,0,0
8EJ1_Cys_1355_Gly,0,0,0
8EJ1_Cys_1355_Phe,0,0,0
8EJ1_Arg_1358_Gly,0,0,0
8EJ1_Ser_1359_Cys,0,0,0
8EJ1_Leu_1361_Val,0,0,0
8EJ1_Ser_1362_Asn,0,0,0
8EJ1_Ser_1362_Thr,0,0,0
8EJ1_Lys_1363_Arg,0,0,0
8EJ1_Ala_1364_Val,0,1,1
8EJ1_Ile_1366_Phe,0,0,0
8EJ1_Ile_1366_Thr,0,0,0
8EJ1_Ile_1366_Asn,0,0,0
8EJ1_Leu_1369_Phe,0,6,6
8EJ1_Asp_1370_Gly,0,0,0
8EJ1_Asp_1370_His,0,0,0
8EJ1_Pro_1372_Leu,0,1,1
8EJ1_His_1375_Asn,0,1,1
8EJ1_His_1375_Arg,0,0,0
8EJ1_Asp_1377_Asn,0,0,0
8EJ1_Asp_1377_His,0,0,0
8EJ1_Pro_1378_Leu,0,0,0
8EJ1_Val_1379_Leu,0,0,0
8EJ1_Thr_1380_Ile,0,1,1
8EJ1_Tyr_1381_His,0,0,0
8EJ1_Tyr_1381_Ser,0,0,0
8EJ1_Tyr_1381_Cys,0,0,0
8EJ1_Gln_1382_Lys,0,0,0
8EJ1_Gln_1382_His,0,0,0
8EJ1_Arg_1385_Gly,0,0,0
8EJ1_Arg_1386_Gly,0,0,0
8EJ1_Phe_1392_Leu,0,3,3
8EJ1_Asp_1394_Gly,0,0,0
8EJ1_Asp_1394_His,0,0,0
8EJ1_Cys_1395_Phe,0,8,8
8EJ1_Thr_1396_Pro,0,0,0
8EJ1_Thr_1396_Arg,0,0,0
8EJ1_Ile_1398_Ser,0,1,1
8EJ1_Arg_1403_Lys,1,5,4
8EJ1_Arg_1403_Gly,0,0,0
8EJ1_Glu_1409_Lys,0,0,0
8EJ1_Cys_1410_Trp,0,8,8
8EJ1_Cys_1410_Ser,0,0,0
8EJ1_Gln_1411_Pro,0,2,2
8EJ1_Phe_1413_Leu,1,4,3
8EJ1_Val_1415_Gly,1,0,-1
8EJ1_Val_1415_Asp,0,0,0
8EJ1_Asn_1419_Lys,0,0,0
8EJ1_Val_1421_Leu,0,1,1
8EJ1_Val_1421_Met,0,0,0
8EJ1_Arg_1422_Trp,0,1,1
8EJ1_Arg_1422_Gln,0,0,0
8EJ1_Arg_1422_Pro,0,0,0
8EJ1_Ser_1426_Phe,0,5,5
8EJ1_Ser_1426_Pro,0,0,0
8EJ1_Ser_1426_Tyr,0,0,0
8EJ1_Leu_1431_Arg,0,2,2
8EJ1_Asn_1432_Lys,0,0,0
8EJ1_Glu_1433_Lys,0,0,0
8EJ1_Leu_1436_Phe,0,1,1
8EJ1_Arg_1438_Trp,0,0,0
8EJ1_Ala_1440_Thr,0,0,0
8EJ1_Ile_1441_Thr,0,0,0
8EJ1_Ile_1441_Val,0,0,0
8EJ1_Ser_1442_Arg,0,0,0
8EJ1_Pro_1443_Ser,0,0,0
8EJ1_Pro_1443_Ala,0,0,0
8EJ1_Ser_1444_Phe,0,0,0
8EJ1_Asp_1445_Asn,0,0,0
8EJ1_Phe_1450_Ile,0,0,0
8EJ1_Arg_1453_Trp,0,0,0
8EJ1_Arg_1453_Gln,0,0,0
8EJ1_Ser_1455_Ala,0,0,0
8EJ1_Lys_1457_Asn,0,0,0
8EJ1_Lys_1461_Glu,0,0,0
8EJ1_Ile_1464_Thr,0,0,0
8EJ1_Ala_1466_Ser,0,0,0
8EJ1_Val_1475_Met,0,0,0
8EJ1_Val_1475_Leu,0,0,0
8EJ1_Thr_1478_Arg,0,0,0
8EJ1_Thr_1478_Ile,0,0,0
8EJ1_Arg_1479_Lys,0,0,0
8EJ1_Leu_1480_Pro,0,0,0
8EJ1_Ter_1481_Tyr,0,0,0
8EIG_Met_1_?,0,0,0
8EIG_Arg_3_Met,2,1,-1
8EIG_Ser_4_Leu,1,11,10
8EIG_Ser_4_Ala,0,0,0
8EIG_Pro_5_Leu,5,9,4
8EIG_Leu_6_Arg,5,47,42
8EIG_Glu_7_Gln,1,2,1
8EIG_Ala_9_Val,1,7,6
8EIG_Ser_10_Arg,1,0,-1
8EIG_Ser_10_Asn,0,0,0
8EIG_Val_11_Ile,0,0,0
8EIG_Val_11_Leu,0,0,0
8EIG_Val_11_Ala,0,0,0
8EIG_Val_12_Ala,0,0,0
8EIG_Lys_14_Ile,1,2,1
8EIG_Lys_14_Arg,0,0,0
8EIG_Lys_14_Glu,0,0,0
8EIG_Leu_15_Phe,1,14,13
8EIG_Leu_15_Val,0,0,0
8EIG_Phe_17_Leu,9,2,-7
8EIG_Ser_18_Gly,1,0,-1
8EIG_Thr_20_Ser,3,1,-2
8EIG_Arg_21_Ile,6,17,11
8EIG_Leu_24_Val,10,5,-5
8EIG_Lys_26_Glu,4,4,0
8EIG_Tyr_28_His,2,22,20
8EIG_Arg_29_Thr,1,1,0
8EIG_Arg_31_Cys,0,0,0
8EIG_Arg_31_His,0,0,0
8EIG_Arg_31_Leu,0,0,0
8EIG_Leu_32_Met,2,5,3
8EIG_Leu_32_Pro,0,0,0
8EIG_Ser_35_Leu,1,9,8
8EIG_Ile_37_Val,4,2,-2
8EIG_Tyr_38_His,7,6,-1
8EIG_Tyr_38_Asn,0,0,0
8EIG_Tyr_38_Cys,0,0,0
8EIG_Gln_39_His,2,1,-1
8EIG_Ser_42_Phe,0,0,0
8EIG_Val_43_Ile,2,1,-1
8EIG_Val_43_Ala,0,0,0
8EIG_Val_43_Leu,0,0,0
8EIG_Asp_44_Val,4,8,4
8EIG_Ala_46_Val,3,16,13
8EIG_Asn_48_Lys,2,6,4
8EIG_Leu_49_Pro,5,0,-5
8EIG_Lys_52_Ile,2,2,0
8EIG_Glu_54_Gly,7,0,-7
8EIG_Glu_56_Lys,3,9,6
8EIG_Trp_57_Arg,7,29,22
8EIG_Asp_58_His,0,9,9
8EIG_Asp_58_Gly,0,0,0
8EIG_Asp_58_Val,0,0,0
8EIG_Glu_60_Asp,4,2,-2
8EIG_Lys_64_Glu,1,8,7
8EIG_Lys_65_Arg,0,14,14
8EIG_Pro_67_Leu,5,28,23
8EIG_Lys_68_Glu,2,9,7
8EIG_Lys_68_Asn,0,0,0
8EIG_Ala_72_Thr,0,7,7
8EIG_Leu_73_Phe,1,18,17
8EIG_Arg_74_Trp,4,12,8
8EIG_Arg_74_Gln,0,0,0
8EIG_Arg_75_Gln,4,4,0
8EIG_Arg_75_Leu,0,0,0
8EIG_Cys_76_Trp,6,37,31
8EIG_Cys_76_Arg,0,0,0
8EIG_Phe_78_Tyr,4,5,1
8EIG_Phe_78_Leu,0,0,0
8EIG_Trp_79_Arg,0,1,1
8EIG_Phe_81_Leu,10,4,-6
8EIG_Phe_83_Leu,5,0,-5
8EIG_Tyr_84_His,3,0,-3
8EIG_Tyr_84_Cys,0,0,0
8EIG_Gly_85_Glu,0,34,34
8EIG_Ile_86_Val,1,1,0
8EIG_Phe_87_Ser,4,2,-2
8EIG_Leu_88_Phe,3,14,11
8EIG_Leu_88_Ser,0,0,0
8EIG_Tyr_89_Cys,9,7,-2
8EIG_Gly_91_Arg,0,30,30
8EIG_Thr_94_Ile,4,7,3
8EIG_Thr_94_Pro,0,0,0
8EIG_Val_97_Ala,0,0,0
8EIG_Gln_98_Arg,3,26,23
8EIG_Pro_99_Leu,1,9,8
8EIG_Leu_102_Arg,1,32,31
8EIG_Arg_104_Gly,2,0,-2
8EIG_Ile_105_Val,2,1,-1
8EIG_Tyr_109_Asn,5,1,-4
8EIG_Asp_110_His,5,18,13
8EIG_Asp_110_Glu,0,0,0
8EIG_Asp_110_Tyr,0,0,0
8EIG_Pro_111_Leu,2,4,2
8EIG_Asp_112_Gly,1,0,-1
8EIG_Asp_112_Asn,0,0,0
8EIG_Glu_116_Gln,2,7,5
8EIG_Glu_116_Gly,0,0,0
8EIG_Glu_116_Ala,0,0,0
8EIG_Arg_117_His,0,0,0
8EIG_Arg_117_Cys,0,0,0
8EIG_Arg_117_Gly,0,0,0
8EIG_Arg_117_Leu,0,0,0
8EIG_Arg_117_Ser,0,0,0
8EIG_Ser_118_Phe,0,2,2
8EIG_Ser_118_Cys,0,0,0
8EIG_Ile_119_Val,0,3,3
8EIG_Ala_120_Thr,1,3,2
8EIG_Ala_120_Ser,0,0,0
8EIG_Ile_121_Phe,1,5,4
8EIG_Tyr_122_Cys,0,0,0
8EIG_Ile_125_Thr,3,0,-3
8EIG_Gly_126_Asp,0,1,1
8EIG_Gly_126_Ser,0,0,0
8EIG_Gly_126_Val,0,0,0
8EIG_Leu_130_Val,3,2,-1
8EIG_Phe_131_Leu,11,10,-1
8EIG_Ile_132_Val,2,1,-1
8EIG_Ile_132_Thr,0,0,0
8EIG_Gly_134_Ala,6,1,-5
8EIG_Thr_135_Ser,1,1,0
8EIG_Leu_138_Pro,2,0,-2
8EIG_Ser_138_Asn,0,0,0
8EIG_His_139_Pro,4,3,-1
8EIG_His_139_Tyr,0,0,0
8EIG_Pro_140_Ser,1,1,0
8EIG_Pro_140_Arg,0,0,0
8EIG_Ala_141_Thr,0,3,3
8EIG_Met_142_Thr,3,2,-1
8EIG_Glu_144_Lys,0,30,30
8EIG_Glu_144_Asp,0,0,0
8EIG_His_147_Gln,3,10,7
8EIG_His_147_Asn,0,0,0
8EIG_Ile_148_Thr,4,3,-1
8EIG_Gly_149_Glu,0,17,17
8EIG_Met_150_Ile,4,9,5
8EIG_Gln_151_Lys,6,12,6
8EIG_Gln_151_Arg,0,0,0
8EIG_Gln_151_Pro,0,0,0
8EIG_Met_152_Leu,5,8,3
8EIG_Gly_152_Arg,0,0,0
8EIG_Met_152_Ile,0,0,0
8EIG_Arg_153_Lys,3,18,15
8EIG_Ile_154_Thr,4,3,-1
8EIG_Tyr_155_Asn,1,11,10
8EIG_Met_156_Val,2,3,1
8EIG_Ser_158_Asn,3,11,8
8EIG_Ser_158_Thr,0,0,0
8EIG_Ser_158_Cys,0,0,0
8EIG_Leu_159_Ser,4,0,-4
8EIG_Ile_160_Val,5,3,-2
8EIG_Tyr_161_Cys,11,6,-5
8EIG_Thr_164_Ala,1,0,-1
8EIG_Arg_170_His,0,23,23
8EIG_Arg_170_Cys,0,0,0
8EIG_Arg_170_Ser,0,0,0
8EIG_Val_171_Ile,3,6,3
8EIG_Leu_172_Ile,4,1,-3
8EIG_Ser_176_Thr,2,6,4
8EIG_Ser_176_Asn,0,0,0
8EIG_Ser_176_Arg,0,0,0
8EIG_Ile_177_Phe,1,16,15
8EIG_Ile_177_Thr,0,0,0
8EIG_Ile_177_Met,0,0,0
8EIG_Ile_177_Val,0,0,0
8EIG_Gly_178_Arg,0,4,4
8EIG_Gly_178_Glu,0,0,0
8EIG_Gln_179_Lys,3,15,12
8EIG_Leu_180_Val,4,1,-3
8EIG_Leu_183_Ile,2,8,6
8EIG_Arg_183_Lys,0,0,0
8EIG_Glu_185_Val,0,2,2
8EIG_His_186_Gln,2,0,-2
8EIG_Asn_187_Lys,3,11,8
8EIG_Cys_187_Ser,0,0,0
8EIG_Cys_187_Gly,0,0,0
8EIG_Leu_188_Phe,5,19,14
8EIG_Leu_188_Pro,0,0,0
8EIG_Cys_190_Ser,0,0,0
8EIG_Phe_191_Val,4,4,0
8EIG_Glu_193_Gly,0,0,0
8EIG_Glu_193_Lys,0,0,0
8EIG_Gly_194_Val,0,1,1
8EIG_Ala_196_Val,2,10,8
8EIG_Ala_198_Val,1,6,5
8EIG_Ala_198_Pro,0,0,0
8EIG_His_199_Arg,12,8,-4
8EIG_Phe_200_Leu,2,8,6
8EIG_Phe_200_Ile,0,0,0
8EIG_Val_201_Met,1,10,9
8EIG_Ala_204_Thr,1,3,2
8EIG_Ala_204_Ser,0,0,0
8EIG_Pro_205_Ser,0,0,0
8EIG_Pro_205_Leu,0,0,0
8EIG_Leu_206_Trp,2,5,3
8EIG_Gln_207_His,2,9,7
8EIG_Val_208_Ala,4,0,-4
8EIG_Ala_209_Ser,1,1,0
8EIG_Leu_210_Phe,1,7,6
8EIG_Met_212_Val,7,2,-5
8EIG_Gly_213_Glu,0,42,42
8EIG_Leu_214_Val,3,6,3
8EIG_Trp_216_Arg,0,4,4
8EIG_Glu_217_Gly,0,0,0
8EIG_Glu_217_Lys,0,0,0
8EIG_Gln_220_Pro,0,2,2
8EIG_Ala_221_Val,0,0,0
8EIG_Phe_224_Leu,0,2,2
8EIG_Cys_225_Tyr,1,18,17
8EIG_Gly_226_Glu,0,11,11
8EIG_Gly_226_Val,0,0,0
8EIG_Phe_229_Tyr,6,4,-2
8EIG_Val_232_Asp,0,0,0
8EIG_Leu_233_Val,5,2,-3
8EIG_Ala_234_Ser,0,1,1
8EIG_Phe_236_Ser,2,0,-2
8EIG_Gln_237_Glu,6,5,-1
8EIG_Gly_239_Arg,0,0,0
8EIG_Gly_241_Arg,0,9,9
8EIG_Arg_242_Lys,1,0,-1
8EIG_Met_243_Thr,2,3,1
8EIG_Met_243_Val,0,0,0
8EIG_Met_244_Val,2,3,1
8EIG_Met_244_Ile,0,0,0
8EIG_Arg_248_Thr,2,1,-1
8EIG_Arg_248_Lys,0,0,0
8EIG_Ala_252_Pro,0,1,1
8EIG_Ala_252_Ser,0,0,0
8EIG_Gly_253_Glu,0,0,0
8EIG_Gly_253_Arg,0,0,0
8EIG_Ile_255_Asn,2,3,1
8EIG_Ile_255_Val,0,0,0
8EIG_Ser_256_Gly,0,0,0
8EIG_Ser_256_Asn,0,0,0
8EIG_Glu_257_Ala,1,0,-1
8EIG_Arg_258_Gly,4,0,-4
8EIG_Arg_258_Ile,0,0,0
8EIG_Leu_259_Phe,2,14,12
8EIG_Leu_259_Val,0,0,0
8EIG_Val_260_Gly,0,0,0
8EIG_Val_260_Met,0,0,0
8EIG_Val_260_Ala,0,0,0
8EIG_Met_265_Arg,6,24,18
8EIG_Ile_269_Thr,4,1,-3
8EIG_Val_272_Ala,2,0,-2
8EIG_Lys_273_Gln,3,4,1
8EIG_Lys_273_Met,0,0,0
8EIG_Cys_276_Phe,1,14,13
8EIG_Glu_279_Asp,1,1,0
8EIG_Ala_280_Ser,2,8,6
8EIG_Met_281_Thr,4,2,-2
8EIG_Met_281_Val,0,0,0
8EIG_Glu_282_Asp,5,5,0
8EIG_Lys_283_Arg,0,0,0
8EIG_Ile_285_Phe,2,9,7
8EIG_Ile_285_Thr,0,0,0
8EIG_Asn_287_Lys,0,0,0
8EIG_Asn_287_Ser,0,0,0
8EIG_Asn_287_Tyr,0,0,0
8EIG_Gln_290_Arg,0,10,10
8EIG_Thr_291_Arg,0,0,0
8EIG_Thr_291_Ile,0,0,0
8EIG_Thr_291_Ala,0,0,0
8EIG_Leu_293_Met,5,1,-4
8EIG_Arg_297_Gln,7,3,-4
8EIG_Arg_297_Trp,0,0,0
8EIG_Ala_299_Thr,0,2,2
8EIG_Ala_300_Gly,2,0,-2
8EIG_Tyr_301_Cys,3,0,-3
8EIG_Phe_305_Val,3,5,2
8EIG_Asn_306_Ser,5,4,-1
8EIG_Ala_309_Gly,2,0,-2
8EIG_Ala_309_Thr,0,0,0
8EIG_Phe_310_Leu,2,5,3
8EIG_Gly_314_Glu,0,23,23
8EIG_Phe_315_Ser,3,3,0
8EIG_Phe_316_Leu,2,3,1
8EIG_Val_317_Gly,5,0,-5
8EIG_Leu_320_Val,2,1,-1
8EIG_Leu_320_Phe,0,0,0
8EIG_Ser_321_Pro,1,1,0
8EIG_Val_322_Met,3,10,7
8EIG_Tyr_325_Cys,13,4,-9
8EIG_Leu_327_Arg,1,11,10
8EIG_Ile_331_Asn,10,13,3
8EIG_Leu_333_Phe,6,15,9
8EIG_Arg_334_Gln,2,4,2
8EIG_Arg_334_Trp,0,0,0
8EIG_Arg_334_Leu,0,0,0
8EIG_Ile_336_Lys,4,11,7
8EIG_Ile_336_Thr,0,0,0
8EIG_Phe_337_Val,6,5,-1
8EIG_Thr_338_Ile,3,5,2
8EIG_Thr_338_Ala,0,0,0
8EIG_Ile_340_Val,4,1,-3
8EIG_Cys_343_Phe,0,12,12
8EIG_Ile_344_Val,1,1,0
8EIG_Arg_347_His,5,13,8
8EIG_Arg_347_Pro,0,0,0
8EIG_Arg_347_Cys,0,0,0
8EIG_Arg_347_Ser,0,0,0
8EIG_Met_348_Lys,5,7,2
8EIG_Met_348_Val,0,0,0
8EIG_Ala_349_Val,0,3,3
8EIG_Thr_351_Ser,5,0,-5
8EIG_Thr_351_Ile,0,0,0
8EIG_Arg_352_Trp,4,27,23
8EIG_Arg_352_Gln,0,0,0
8EIG_Gln_353_His,0,32,32
8EIG_Pro_355_Leu,1,10,9
8EIG_Thr_360_Ile,2,6,4
8EIG_Trp_361_Arg,1,12,11
8EIG_Asn_369_Ser,0,0,0
8EIG_Lys_370_Glu,2,0,-2
8EIG_Ile_371_Met,6,10,4
8EIG_Ile_371_Thr,0,0,0
8EIG_Asp_373_Asn,0,0,0
8EIG_Asp_373_Tyr,0,0,0
8EIG_Asp_373_Val,0,0,0
8EIG_Leu_375_Phe,3,12,9
8EIG_Gln_378_Arg,3,5,2
8EIG_Glu_379_Asp,4,4,0
8EIG_Tyr_380_Cys,5,1,-4
8EIG_Thr_382_Pro,0,0,0
8EIG_Glu_384_Asp,0,13,13
8EIG_Leu_387_Ser,0,0,0
8EIG_Thr_388_Met,0,8,8
8EIG_Thr_389_Ser,0,0,0
8EIG_Thr_390_Ile,2,7,5
8EIG_Thr_390_Ala,0,0,0
8EIG_Met_394_Thr,11,3,-8
8EIG_Asn_396_Tyr,3,9,6
8EIG_Asn_396_Thr,0,0,0
8EIG_Ala_399_Val,3,10,7
8EIG_Ala_399_Gly,0,0,0
8EIG_Phe_400_Ser,3,0,-3
8EIG_Trp_401_Cys,8,3,-5
8EIG_Trp_401_Leu,0,0,0
8EIG_Gly_404_Arg,0,0,0
8EIG_Gly_404_Val,0,0,0
8EIG_Gly_404_Ala,0,0,0
8EIG_Gly_406_Glu,0,0,0
8EIG_Glu_407_Lys,0,0,0
8EIG_Glu_407_Val,0,0,0
8EIG_Phe_409_Ile,0,0,0
8EIG_Lys_411_Glu,0,0,0
8EIG_Ala_412_Ser,0,0,0
8EIG_Gln_414_Pro,0,0,0
8EIG_Asn_416_Ser,0,0,0
8EIG_Asn_416_Asp,0,0,0
8EIG_Asn_418_Ser,0,0,0
8EIG_Asn_423_Lys,0,0,0
8EIG_Gly_424_Ser,0,0,0
8EIG_Leu_428_Ile,0,0,0
8EIG_Ser_431_Gly,0,0,0
8EIG_Leu_435_Pro,0,0,0
8EIG_Gly_437_Asp,0,0,0
8EIG_Thr_438_Ala,0,0,0
8EIG_Pro_439_Thr,2,6,4
8EIG_Val_440_Ala,8,1,-7
8EIG_Leu_441_Pro,7,5,-2
8EIG_Asp_443_Tyr,1,22,21
8EIG_Asp_443_Glu,0,0,0
8EIG_Ile_444_Thr,3,1,-2
8EIG_Ile_444_Val,0,0,0
8EIG_Lys_447_Arg,4,9,5
8EIG_Ile_448_Thr,8,3,-5
8EIG_Glu_449_Gly,2,0,-2
8EIG_Arg_450_Ile,1,3,2
8EIG_Gly_451_Arg,0,7,7
8EIG_Gln_452_Arg,6,23,17
8EIG_Ala_455_Val,1,5,4
8EIG_Ala_455_Glu,0,0,0
8EIG_Val_456_Ala,2,1,-1
8EIG_Ser_459_Phe,0,20,20
8EIG_Ala_462_Val,0,6,6
8EIG_Thr_465_Asn,4,10,6
8EIG_Ser_466_Leu,4,29,25
8EIG_Leu_467_Phe,2,14,12
8EIG_Leu_467_Pro,0,0,0
8EIG_Met_469_Ile,6,7,1
8EIG_Met_469_Val,0,0,0
8EIG_Val_470_Met,3,8,5
8EIG_Ile_471_Val,2,0,-2
8EIG_Glu_474_Gln,5,12,7
8EIG_Pro_477_Ser,2,2,0
8EIG_Pro_477_Thr,0,0,0
8EIG_Glu_479_Asp,3,2,-1
8EIG_Glu_479_Gly,0,0,0
8EIG_Gly_480_Cys,0,10,10
8EIG_His_484_Tyr,2,7,5
8EIG_Ser_485_Cys,1,1,0
8EIG_Ser_485_Thr,0,0,0
8EIG_Arg_487_Lys,0,0,0
8EIG_Phe_490_Cys,6,6,0
8EIG_Cys_491_Phe,2,13,11
8EIG_Ser_492_Phe,2,34,32
8EIG_Gln_493_Arg,0,24,24
8EIG_Ser_495_Phe,0,22,22
8EIG_Met_498_Thr,5,7,2
8EIG_Pro_499_Ala,3,0,-3
8EIG_Pro_499_Ser,0,0,0
8EIG_Gly_500_Asp,0,19,19
8EIG_Gly_500_Ser,0,0,0
8EIG_Ile_502_Thr,3,1,-2
8EIG_Ile_502_Val,0,0,0
8EIG_Ile_506_Val,1,0,-1
8EIG_Ile_506_Thr,0,0,0
8EIG_Ile_506_Leu,0,0,0
8EIG_Ile_507_Val,3,6,3
8EIG_Phe_508_Cys,0,0,0
8EIG_Phe_508_Val,0,0,0
8EIG_Phe_508_Leu,0,0,0
8EIG_Val_510_Ile,1,7,6
8EIG_Asp_513_Gly,3,0,-3
8EIG_Asp_513_Tyr,0,0,0
8EIG_Tyr_515_His,0,0,0
8EIG_Ser_519_Asn,0,3,3
8EIG_Val_520_Ile,2,8,6
8EIG_Val_520_Phe,0,0,0
8EIG_Ile_521_Leu,4,5,1
8EIG_Ile_521_Phe,0,0,0
8EIG_Cys_524_Arg,0,13,13
8EIG_Glu_527_Gly,1,0,-1
8EIG_Glu_527_Gln,0,0,0
8EIG_Glu_528_Lys,0,0,0
8EIG_Ile_530_Met,6,12,6
8EIG_Ile_530_Asn,0,0,0
8EIG_Lys_532_Asn,0,2,2
8EIG_Ala_534_Glu,0,2,2
8EIG_Ala_534_Ser,0,0,0
8EIG_Lys_536_Glu,4,0,-4
8EIG_Asn_538_Lys,1,0,-1
8EIG_Asn_538_Tyr,0,0,0
8EIG_Ile_539_Thr,1,0,-1
8EIG_Val_540_Ile,0,0,0
8EIG_Val_540_Ala,0,0,0
8EIG_Gly_542_Glu,0,6,6
8EIG_Gly_542_Arg,0,0,0
8EIG_Gly_544_Ser,0,5,5
8EIG_Ile_546_Phe,1,1,0
8EIG_Thr_547_Ile,1,1,0
8EIG_Thr_547_Ala,0,0,0
8EIG_Leu_548_Pro,5,4,-1
8EIG_Ser_549_Asn,9,30,21
8EIG_Ser_549_Arg,0,0,0
8EIG_Gly_551_Asp,0,22,22
8EIG_Gly_551_Ser,0,0,0
8EIG_Arg_553_Gln,2,2,0
8EIG_Arg_553_Pro,0,0,0
8EIG_Ile_556_Val,2,1,-1
8EIG_Ser_557_Thr,0,1,1
8EIG_Leu_558_Ser,1,1,0
8EIG_Ala_559_Thr,1,7,6
8EIG_Ala_559_Ser,0,0,0
8EIG_Arg_560_Thr,3,0,-3
8EIG_Arg_560_Ser,0,0,0
8EIG_Ala_561_Glu,1,10,9
8EIG_Ala_561_Ser,0,0,0
8EIG_Val_562_Ile,4,6,2
8EIG_Val_562_Leu,0,0,0
8EIG_Tyr_563_Asn,3,10,7
8EIG_Lys_564_Arg,9,9,0
8EIG_Lys_564_Glu,0,0,0
8EIG_Asp_565_His,2,0,-2
8EIG_Asp_565_Tyr,0,0,0
8EIG_Ala_566_Asp,1,6,5
8EIG_Asp_567_Asn,1,1,0
8EIG_Tyr_569_Asp,3,1,-2
8EIG_Asp_572_Glu,3,19,16
8EIG_Ser_573_Phe,0,23,23
8EIG_Ser_573_Cys,0,0,0
8EIG_Pro_574_His,2,21,19
8EIG_Phe_575_Tyr,5,13,8
8EIG_Phe_575_Ile,0,0,0
8EIG_Gly_576_Ala,0,1,1
8EIG_Gly_576_Val,0,0,0
8EIG_Tyr_577_Cys,0,0,0
8EIG_Tyr_577_Phe,0,0,0
8EIG_Asp_579_Gly,4,0,-4
8EIG_Thr_582_Ser,8,3,-5
8EIG_Glu_583_Gly,7,0,-7
8EIG_Glu_585_Lys,2,1,-1
8EIG_Phe_587_Val,14,7,-7
8EIG_Phe_587_Ile,0,0,0
8EIG_Glu_588_Lys,0,10,10
8EIG_Glu_588_Gly,0,0,0
8EIG_Glu_588_Ala,0,0,0
8EIG_Ser_589_Thr,0,2,2
8EIG_Cys_592_Tyr,2,31,29
8EIG_Met_595_Val,6,4,-2
8EIG_Met_595_Leu,0,0,0
8EIG_Asn_597_Lys,0,0,0
8EIG_Thr_599_Ser,4,2,-2
8EIG_Ile_601_Val,2,2,0
8EIG_Ile_601_Phe,0,0,0
8EIG_Val_603_Ile,4,10,6
8EIG_Ser_605_Pro,0,0,0
8EIG_Leu_610_Ile,4,5,1
8EIG_Leu_610_Phe,0,0,0
8EIG_Asp_614_Gly,2,0,-2
8EIG_Ile_616_Val,8,3,-5
8EIG_Leu_617_Phe,7,17,10
8EIG_Ile_618_Thr,5,0,-5
8EIG_His_620_Arg,3,1,-2
8EIG_His_620_Leu,0,0,0
8EIG_Gly_622_Asp,0,0,0
8EIG_Tyr_625_Asn,4,11,7
8EIG_Phe_626_Leu,9,19,10
8EIG_Tyr_627_Cys,4,0,-4
8EIG_Gly_628_Arg,0,43,43
8EIG_Thr_629_Ala,1,0,-1
8EIG_Leu_633_Ile,7,17,10
8EIG_Asn_635_Thr,0,1,1
8EIG_Leu_636_Pro,1,2,1
8EIG_Pro_638_Ser,0,0,0
8EIG_Ser_641_Gly,0,0,0
8EIG_Met_645_Thr,0,0,0
8EIG_Met_645_Lys,0,0,0
8EIG_Asp_648_Asn,0,0,0
8EIG_Phe_650_Leu,0,0,0
8EIG_Asp_651_Asn,0,0,0
8EIG_Gln_652_Glu,0,0,0
8EIG_Gln_652_Lys,0,0,0
8EIG_Phe_653_Val,0,0,0
8EIG_Ser_654_Gly,0,0,0
8EIG_Glu_656_Gln,0,0,0
8EIG_Ile_661_Met,0,0,0
8EIG_Ile_661_Val,0,0,0
8EIG_Ile_661_Thr,0,0,0
8EIG_His_667_Tyr,0,0,0
8EIG_Arg_668_Cys,0,0,0
8EIG_Arg_668_His,0,0,0
8EIG_Glu_672_Lys,0,0,0
8EIG_Asp_674_Gly,0,0,0
8EIG_Asp_674_Val,0,0,0
8EIG_Ala_675_Val,0,0,0
8EIG_Pro_676_Ala,0,0,0
8EIG_Pro_676_Ser,0,0,0
8EIG_Glu_681_Val,0,0,0
8EIG_Lys_684_Thr,0,0,0
8EIG_Ser_686_Tyr,0,0,0
8EIG_Ser_686_Thr,0,0,0
8EIG_Lys_688_Gln,0,0,0
8EIG_Thr_690_Ala,0,0,0
8EIG_Gly_691_Arg,0,0,0
8EIG_Phe_693_Leu,0,0,0
8EIG_Glu_695_Gly,0,0,0
8EIG_Asn_699_Lys,0,0,0
8EIG_Asn_703_Ile,0,0,0
8EIG_Pro_704_Leu,0,0,0
8EIG_Pro_704_Arg,0,0,0
8EIG_Ile_705_Val,0,0,0
8EIG_Ser_707_Cys,0,0,0
8EIG_Ile_708_Thr,0,0,0
8EIG_Arg_709_Gln,0,0,0
8EIG_Val_714_Leu,0,0,0
8EIG_Gln_715_His,0,0,0
8EIG_Pro_718_Arg,0,0,0
8EIG_Gln_720_Arg,0,0,0
8EIG_Gly_723_Val,0,0,0
8EIG_Glu_725_Lys,0,0,0
8EIG_Asp_727_Ala,0,0,0
8EIG_Pro_731_Leu,0,0,0
8EIG_Ser_737_Phe,0,0,0
8EIG_Ser_737_Thr,0,0,0
8EIG_Pro_740_Leu,0,0,0
8EIG_Gln_744_Pro,0,0,0
8EIG_Ala_747_Val,0,0,0
8EIG_Pro_750_Leu,0,0,0
8EIG_Arg_751_Cys,0,0,0
8EIG_Arg_751_His,0,0,0
8EIG_Arg_751_Leu,0,0,0
8EIG_Ile_752_Ser,0,0,0
8EIG_Ser_753_Gly,0,0,0
8EIG_Ser_753_Asn,0,0,0
8EIG_Val_754_Met,0,0,0
8EIG_Ile_755_Phe,0,0,0
8EIG_Ser_756_Cys,0,0,0
8EIG_Thr_757_Ser,0,0,0
8EIG_Thr_760_Met,0,0,0
8EIG_Thr_760_Arg,0,0,0
8EIG_Arg_764_Gln,0,0,0
8EIG_Arg_765_Lys,0,0,0
8EIG_Arg_766_Lys,0,0,0
8EIG_Gln_767_His,0,0,0
8EIG_Ser_768_Phe,0,0,0
8EIG_Val_769_Ile,0,0,0
8EIG_His_775_Tyr,0,0,0
8EIG_His_775_Arg,0,0,0
8EIG_Ser_776_Leu,0,0,0
8EIG_Gln_781_His,0,0,0
8EIG_Ile_783_Val,0,0,0
8EIG_Arg_785_Gln,0,0,0
8EIG_Arg_785_Pro,0,0,0
8EIG_Lys_786_Asn,0,0,0
8EIG_Arg_792_Gly,0,0,0
8EIG_Arg_792_Gln,0,0,0
8EIG_Val_794_Leu,0,0,0
8EIG_Leu_796_Pro,0,0,0
8EIG_Pro_798_Ser,0,0,0
8EIG_Gln_799_Lys,0,0,0
8EIG_Ala_800_Ser,0,0,0
8EIG_Ala_800_Val,0,0,0
8EIG_Asn_801_Tyr,0,0,0
8EIG_Leu_802_Phe,0,0,0
8EIG_Asp_806_Gly,0,0,0
8EIG_Ile_807_Met,0,0,0
8EIG_Arg_810_Gly,0,0,0
8EIG_Arg_811_Ser,0,0,0
8EIG_Gly_817_Val,0,0,0
8EIG_Ser_821_Asn,0,0,0
8EIG_Glu_823_Asp,0,0,0
8EIG_Glu_826_Lys,0,0,0
8EIG_Glu_826_Asp,0,0,0
8EIG_Asp_828_Asn,0,0,0
8EIG_Asp_828_Glu,0,0,0
8EIG_Cys_832_Tyr,0,0,0
8EIG_Cys_832_Gly,0,0,0
8EIG_Phe_834_Leu,0,0,0
8EIG_Asp_836_Tyr,0,0,0
8EIG_Met_837_Thr,0,0,0
8EIG_Asn_847_Ser,1,0,-1
8EIG_Tyr_849_Cys,3,1,-2
8EIG_Arg_851_Gln,7,0,-7
8EIG_Ile_853_Val,2,2,0
8EIG_Ile_853_Phe,0,0,0
8EIG_Thr_854_Ile,1,0,-1
8EIG_Val_855_Ile,2,7,5
8EIG_Lys_857_Asn,0,0,0
8EIG_Leu_859_Phe,6,26,20
8EIG_Val_862_Leu,2,5,3
8EIG_Cys_866_Tyr,0,33,33
8EIG_Glu_873_Val,2,2,0
8EIG_Val_874_Leu,3,10,7
8EIG_Ala_876_Val,0,0,0
8EIG_Ser_877_Ala,2,2,0
8EIG_Thr_887_Pro,2,2,0
8EIG_Thr_887_Asn,0,0,0
8EIG_Pro_888_His,1,0,-1
8EIG_Leu_889_Phe,0,0,0
8EIG_Leu_889_Val,0,0,0
8EIG_Gln_890_Arg,0,0,0
8EIG_Asp_891_Gly,0,0,0
8EIG_Asp_891_Asn,0,0,0
8EIG_Asn_894_Lys,0,0,0
8EIG_Asn_894_Ser,0,0,0
8EIG_Ser_895_Asn,0,0,0
8EIG_Ser_895_Thr,0,0,0
8EIG_Thr_896_Ile,0,0,0
8EIG_His_897_Tyr,0,0,0
8EIG_Ser_898_Arg,0,0,0
8EIG_Asn_901_Ile,0,0,0
8EIG_Tyr_903_Cys,0,0,0
8EIG_Val_905_Leu,1,5,4
8EIG_Ile_907_Ser,3,2,-1
8EIG_Ile_907_Val,0,0,0
8EIG_Thr_908_Asn,1,0,-1
8EIG_Thr_910_Ser,2,2,0
8EIG_Ser_911_Asn,2,11,9
8EIG_Ser_912_Leu,0,5,5
8EIG_Tyr_913_Cys,5,3,-2
8EIG_Val_915_Leu,0,0,0
8EIG_Ile_918_Val,3,1,-2
8EIG_Tyr_919_Cys,11,3,-8
8EIG_Val_920_Met,2,13,11
8EIG_Val_920_Leu,0,0,0
8EIG_Gly_921_Arg,0,37,37
8EIG_Val_922_Gly,2,0,-2
8EIG_Asp_924_Asn,1,7,6
8EIG_Thr_925_Asn,1,1,0
8EIG_Leu_926_Phe,3,5,2
8EIG_Leu_926_Ser,0,0,0
8EIG_Gly_934_Ser,0,12,12
8EIG_Pro_936_Thr,0,3,3
8EIG_Pro_936_Leu,0,0,0
8EIG_Val_938_Leu,1,5,4
8EIG_Val_938_Gly,0,0,0
8EIG_Val_938_Met,0,0,0
8EIG_His_939_Asp,6,11,5
8EIG_His_939_Gln,0,0,0
8EIG_Val_944_Ala,3,0,-3
8EIG_Ser_945_Leu,5,13,8
8EIG_Lys_946_Glu,2,14,12
8EIG_Lys_946_Gln,0,0,0
8EIG_Leu_948_Phe,3,25,22
8EIG_His_949_Leu,4,18,14
8EIG_His_949_Tyr,0,0,0
8EIG_His_950_Arg,0,9,9
8EIG_Lys_951_Glu,3,3,0
8EIG_Lys_951_Thr,0,0,0
8EIG_Met_952_Thr,8,4,-4
8EIG_Met_952_Ile,0,0,0
8EIG_His_954_Tyr,4,36,32
8EIG_Ala_959_Val,0,5,5
8EIG_Ala_959_Thr,0,0,0
8EIG_Pro_960_Ser,0,0,0
8EIG_Pro_960_Leu,0,0,0
8EIG_Met_961_Thr,5,2,-3
8EIG_Met_961_Ile,0,0,0
8EIG_Met_961_Val,0,0,0
8EIG_Leu_964_Phe,2,8,6
8EIG_Asn_965_Lys,1,3,2
8EIG_Leu_967_Ser,2,0,-2
8EIG_Gly_970_Asp,0,0,0
8EIG_Phe_976_Ser,5,1,-4
8EIG_Phe_976_Leu,0,0,0
8EIG_Ser_977_Phe,1,7,6
8EIG_Ser_977_Ala,0,0,0
8EIG_Ser_977_Cys,0,0,0
8EIG_Ser_977_Pro,0,0,0
8EIG_Lys_978_Arg,2,12,10
8EIG_Asp_979_Ala,5,2,-3
8EIG_Asp_979_Gly,0,0,0
8EIG_Ile_980_Lys,2,21,19
8EIG_Ile_982_Val,5,4,-1
8EIG_Asp_984_Asn,3,4,1
8EIG_Asp_985_Asn,1,1,0
8EIG_Asp_985_Glu,0,0,0
8EIG_Leu_986_Pro,3,6,3
8EIG_Thr_990_Asn,3,3,0
8EIG_Thr_990_Ser,0,0,0
8EIG_Ile_991_Val,2,1,-1
8EIG_Ile_991_Met,0,0,0
8EIG_Phe_992_Leu,3,7,4
8EIG_Asp_993_Gly,1,0,-1
8EIG_Phe_994_Leu,2,11,9
8EIG_Phe_994_Cys,0,0,0
8EIG_Ile_995_Asn,1,2,1
8EIG_Ile_995_Leu,0,0,0
8EIG_Leu_997_Phe,4,16,12
8EIG_Val_1001_Leu,2,7,5
8EIG_Ile_1002_Phe,0,3,3
8EIG_Gly_1003_Glu,0,36,36
8EIG_Ala_1004_Gly,1,0,-1
8EIG_Ile_1005_Arg,1,26,25
8EIG_Ala_1006_Thr,0,2,2
8EIG_Ala_1006_Glu,0,0,0
8EIG_Val_1008_Asp,3,4,1
8EIG_Ala_1009_Thr,1,5,4
8EIG_Ala_1009_Val,0,0,0
8EIG_Pro_1013_His,0,1,1
8EIG_Pro_1013_Leu,0,0,0
8EIG_Pro_1013_Arg,0,0,0
8EIG_Tyr_1014_Cys,1,1,0
8EIG_Phe_1016_Ser,1,2,1
8EIG_Ala_1018_Thr,1,4,3
8EIG_Pro_1021_Thr,2,4,2
8EIG_Pro_1021_Ser,0,0,0
8EIG_Val_1022_Met,8,16,8
8EIG_Ile_1023_Val,3,3,0
8EIG_Ile_1023_Arg,0,0,0
8EIG_Ala_1025_Ser,1,1,0
8EIG_Ala_1025_Val,0,0,0
8EIG_Ile_1027_Thr,1,0,-1
8EIG_Met_1028_Val,3,1,-2
8EIG_Met_1028_Arg,0,0,0
8EIG_Met_1028_Ile,0,0,0
8EIG_Leu_1029_Met,4,5,1
8EIG_Ala_1031_Val,0,0,0
8EIG_Tyr_1032_Cys,1,0,-1
8EIG_Thr_1036_Asn,3,4,1
8EIG_Gln_1039_Arg,1,0,-1
8EIG_Lys_1041_Gln,2,7,5
8EIG_Glu_1044_Gln,9,10,1
8EIG_Gly_1047_Val,0,7,7
8EIG_Ser_1049_Asn,0,0,0
8EIG_Pro_1050_Ala,0,0,0
8EIG_Ile_1051_Val,4,2,-2
8EIG_Ile_1051_Phe,0,0,0
8EIG_Phe_1052_Val,0,1,1
8EIG_Phe_1052_Leu,0,0,0
8EIG_Thr_1053_Ile,3,2,-1
8EIG_His_1054_Gln,8,3,-5
8EIG_His_1054_Tyr,0,0,0
8EIG_Thr_1057_Ala,3,1,-2
8EIG_Gly_1061_Arg,0,57,57
8EIG_Leu_1065_Phe,12,23,11
8EIG_Arg_1066_His,10,10,0
8EIG_Arg_1066_Cys,0,0,0
8EIG_Ala_1067_Val,1,9,8
8EIG_Ala_1067_Thr,0,0,0
8EIG_Gly_1069_Arg,0,0,0
8EIG_Arg_1070_Gln,2,3,1
8EIG_Arg_1070_Trp,0,0,0
8EIG_Gln_1071_Arg,5,24,19
8EIG_Phe_1074_Leu,14,7,-7
8EIG_Leu_1077_Pro,6,1,-5
8EIG_Lys_1080_Arg,1,1,0
8EIG_Lys_1080_Gln,0,0,0
8EIG_Lys_1080_Glu,0,0,0
8EIG_Ala_1081_Gly,1,0,-1
8EIG_His_1085_Pro,5,4,-1
8EIG_Thr_1086_Ser,3,1,-2
8EIG_Thr_1086_Ala,0,0,0
8EIG_Trp_1089_Cys,7,6,-1
8EIG_Phe_1090_Leu,5,10,5
8EIG_Leu_1091_Phe,5,27,22
8EIG_Tyr_1092_His,0,2,2
8EIG_Tyr_1092_Cys,0,0,0
8EIG_Arg_1097_Cys,6,1,-5
8EIG_Arg_1097_His,0,0,0
8EIG_Arg_1097_Pro,0,0,0
8EIG_Trp_1098_Cys,11,4,-7
8EIG_Phe_1099_Leu,13,16,3
8EIG_Gln_1100_Pro,0,0,0
8EIG_Met_1101_Lys,3,27,24
8EIG_Met_1101_Ile,0,0,0
8EIG_Arg_1102_Lys,13,32,19
8EIG_Ile_1106_Thr,5,5,0
8EIG_Val_1108_Leu,3,9,6
8EIG_Ile_1109_Val,3,5,2
8EIG_Phe_1111_Leu,11,15,4
8EIG_Val_1114_Leu,2,10,8
8EIG_Phe_1116_Ser,3,0,-3
8EIG_Ile_1117_Thr,3,1,-2
8EIG_Ser_1118_Phe,1,35,34
8EIG_Ser_1118_Cys,0,0,0
8EIG_Gly_1130_Ala,0,7,7
8EIG_Gly_1130_Val,0,0,0
8EIG_Gly_1130_Ser,0,0,0
8EIG_Ile_1131_Val,2,2,0
8EIG_Ala_1136_Thr,0,4,4
8EIG_Met_1137_Val,6,6,0
8EIG_Met_1137_Thr,0,0,0
8EIG_Ile_1139_Val,3,2,-1
8EIG_Met_1140_Val,13,11,-2
8EIG_Ala_1146_Val,1,6,5
8EIG_Ala_1146_Asp,0,0,0
8EIG_Val_1147_Glu,1,17,16
8EIG_Asn_1148_Lys,1,4,3
8EIG_Ile_1151_Val,2,1,-1
8EIG_Asp_1152_His,1,12,11
8EIG_Val_1153_Glu,2,17,15
8EIG_Val_1153_Met,0,0,0
8EIG_Asp_1154_Glu,1,15,14
8EIG_Asp_1154_Gly,0,0,0
8EIG_Leu_1156_Phe,7,11,4
8EIG_Met_1157_Ile,6,17,11
8EIG_Arg_1158_Gln,3,3,0
8EIG_Ser_1159_Pro,2,0,-2
8EIG_Ser_1159_Phe,0,0,0
8EIG_Arg_1162_Leu,3,3,0
8EIG_Arg_1162_Gln,0,0,0
8EIG_Val_1163_Gly,4,0,-4
8EIG_Lys_1165_Arg,2,0,-2
8EIG_Ile_1167_Val,2,1,-1
8EIG_Asp_1168_Gly,0,0,0
8EIG_Thr_1171_Ala,0,0,0
8EIG_Glu_1172_Gln,0,4,4
8EIG_Gly_1173_Ser,0,0,0
8EIG_Lys_1174_Thr,0,0,0
8EIG_Lys_1177_Arg,0,0,0
8EIG_Lys_1177_Thr,0,0,0
8EIG_Pro_1181_Gln,0,0,0
8EIG_Tyr_1182_His,0,0,0
8EIG_Lys_1183_Asn,0,0,0
8EIG_Asn_1184_Lys,0,0,0
8EIG_Gln_1186_His,0,0,0
8EIG_Leu_1187_Val,0,0,0
8EIG_Leu_1187_Ile,0,0,0
8EIG_Ser_1188_Pro,0,0,0
8EIG_Ser_1188_Leu,0,0,0
8EIG_Met_1191_Thr,0,0,0
8EIG_His_1197_Leu,0,0,0
8EIG_His_1197_Arg,0,0,0
8EIG_Val_1198_Met,0,0,0
8EIG_Val_1198_Leu,0,0,0
8EIG_Lys_1199_Arg,0,0,0
8EIG_Lys_1200_Gln,0,0,0
8EIG_Asp_1201_Tyr,0,0,0
8EIG_Ile_1203_Phe,0,0,0
8EIG_Ile_1203_Val,0,0,0
8EIG_Gly_1208_Asp,0,9,9
8EIG_Gln_1209_Lys,6,5,-1
8EIG_Met_1210_Leu,9,12,3
8EIG_Thr_1216_Ala,0,0,0
8EIG_Ala_1217_Val,2,10,8
8EIG_Tyr_1219_His,16,25,9
8EIG_Thr_1220_Ile,0,0,0
8EIG_Gly_1223_Arg,0,18,18
8EIG_Asn_1224_Lys,0,7,7
8EIG_Ala_1225_Val,1,4,3
8EIG_Ile_1226_Thr,2,2,0
8EIG_Leu_1227_Ser,6,2,-4
8EIG_Glu_1228_Gln,1,3,2
8EIG_Glu_1228_Gly,0,0,0
8EIG_Asn_1229_Lys,0,1,1
8EIG_Ile_1230_Thr,9,5,-4
8EIG_Ile_1230_Val,0,0,0
8EIG_Ile_1234_Val,8,5,-3
8EIG_Ser_1235_Arg,4,18,14
8EIG_Gly_1237_Asp,0,0,0
8EIG_Gln_1238_Lys,4,8,4
8EIG_Val_1240_Gly,5,0,-5
8EIG_Gly_1241_Asp,0,23,23
8EIG_Leu_1242_Phe,5,15,10
8EIG_Gly_1244_Glu,0,28,28
8EIG_Gly_1244_Val,0,0,0
8EIG_Thr_1246_Ile,6,10,4
8EIG_Thr_1246_Ser,0,0,0
8EIG_Ser_1248_Leu,1,4,3
8EIG_Gly_1249_Glu,0,22,22
8EIG_Gly_1249_Arg,0,0,0
8EIG_Ser_1251_Asn,6,12,6
8EIG_Ser_1251_Arg,0,0,0
8EIG_Leu_1254_Phe,2,24,22
8EIG_Ser_1255_Thr,1,3,2
8EIG_Ser_1255_Leu,0,0,0
8EIG_Ala_1256_Val,1,7,6
8EIG_Phe_1257_Leu,4,1,-3
8EIG_Arg_1259_Thr,11,7,-4
8EIG_Thr_1263_Ile,8,13,5
8EIG_Glu_1264_Gly,0,0,0
8EIG_Gln_1268_Arg,2,16,14
8EIG_Ile_1269_Met,6,10,4
8EIG_Asp_1270_Asn,3,1,-2
8EIG_Asp_1270_Gly,0,0,0
8EIG_Val_1272_Glu,5,22,17
8EIG_Val_1272_Gly,0,0,0
8EIG_Ile_1277_Val,4,2,-2
8EIG_Ile_1277_Thr,0,0,0
8EIG_Leu_1279_Trp,8,32,24
8EIG_Gln_1281_Arg,5,1,-4
8EIG_Trp_1282_Cys,8,2,-6
8EIG_Arg_1283_Lys,9,6,-3
8EIG_Ala_1285_Val,0,5,5
8EIG_Val_1288_Ala,1,0,-1
8EIG_Ile_1289_Val,7,5,-2
8EIG_Pro_1290_Leu,0,4,4
8EIG_Pro_1290_Thr,0,0,0
8EIG_Gln_1291_His,1,3,2
8EIG_Gln_1291_Arg,0,0,0
8EIG_Val_1293_Ile,3,5,2
8EIG_Val_1293_Leu,0,0,0
8EIG_Thr_1299_Ala,3,2,-1
8EIG_Phe_1300_Leu,6,7,1
8EIG_Asn_1303_Lys,5,11,6
8EIG_Asn_1303_Ile,0,0,0
8EIG_Asn_1303_Tyr,0,0,0
8EIG_Leu_1304_Val,4,4,0
8EIG_Pro_1306_Ser,9,2,-7
8EIG_Tyr_1307_Asn,4,3,-1
8EIG_Gln_1309_Glu,10,12,2
8EIG_Trp_1310_Gly,15,0,-15
8EIG_Ser_1311_Arg,4,3,-1
8EIG_Asp_1312_Gly,2,0,-2
8EIG_Gln_1313_Lys,3,0,-3
8EIG_Val_1318_Ala,5,1,-4
8EIG_Val_1318_Ile,0,0,0
8EIG_Val_1322_Phe,5,18,13
8EIG_Val_1322_Ile,0,0,0
8EIG_Val_1327_Leu,4,9,5
8EIG_Ile_1328_Thr,6,3,-3
8EIG_Ile_1328_Met,0,0,0
8EIG_Ile_1328_Val,0,0,0
8EIG_Gln_1330_Glu,2,0,-2
8EIG_Phe_1331_Leu,14,14,0
8EIG_Phe_1331_Ile,0,0,0
8EIG_Leu_1335_Phe,6,23,17
8EIG_Phe_1337_Val,12,7,-5
8EIG_Leu_1339_Pro,8,1,-7
8EIG_Asp_1341_Gly,1,0,-1
8EIG_Gly_1343_Ser,0,9,9
8EIG_Gly_1343_Ala,0,0,0
8EIG_Gly_1343_Asp,0,0,0
8EIG_Cys_1344_Ser,2,0,-2
8EIG_Leu_1346_Gln,6,9,3
8EIG_Ser_1347_Asn,2,4,2
8EIG_Gly_1349_Ser,0,5,5
8EIG_Lys_1351_Asn,3,4,1
8EIG_Gln_1352_His,1,7,6
8EIG_Gln_1352_Glu,0,0,0
8EIG_Met_1354_Thr,5,1,-4
8EIG_Met_1354_Ile,0,0,0
8EIG_Cys_1355_Gly,5,0,-5
8EIG_Cys_1355_Phe,0,0,0
8EIG_Arg_1358_Gly,4,0,-4
8EIG_Ser_1359_Cys,0,0,0
8EIG_Leu_1361_Val,7,8,1
8EIG_Ser_1362_Asn,0,0,0
8EIG_Ser_1362_Thr,0,0,0
8EIG_Lys_1363_Arg,0,0,0
8EIG_Ala_1364_Val,0,6,6
8EIG_Ile_1366_Phe,3,5,2
8EIG_Ile_1366_Thr,0,0,0
8EIG_Ile_1366_Asn,0,0,0
8EIG_Leu_1369_Phe,4,11,7
8EIG_Asp_1370_Gly,3,0,-3
8EIG_Asp_1370_His,0,0,0
8EIG_Pro_1372_Leu,0,9,9
8EIG_His_1375_Asn,4,0,-4
8EIG_His_1375_Arg,0,0,0
8EIG_Asp_1377_Asn,2,10,8
8EIG_Asp_1377_His,0,0,0
8EIG_Pro_1378_Leu,0,1,1
8EIG_Val_1379_Leu,0,0,0
8EIG_Thr_1380_Ile,2,4,2
8EIG_Tyr_1381_His,3,0,-3
8EIG_Tyr_1381_Ser,0,0,0
8EIG_Tyr_1381_Cys,0,0,0
8EIG_Gln_1382_Lys,0,0,0
8EIG_Gln_1382_His,0,0,0
8EIG_Arg_1385_Gly,6,0,-6
8EIG_Arg_1386_Gly,2,0,-2
8EIG_Phe_1392_Leu,10,7,-3
8EIG_Asp_1394_Gly,0,0,0
8EIG_Asp_1394_His,0,0,0
8EIG_Cys_1395_Phe,3,17,14
8EIG_Thr_1396_Pro,1,2,1
8EIG_Thr_1396_Arg,0,0,0
8EIG_Ile_1398_Ser,3,0,-3
8EIG_Arg_1403_Lys,1,4,3
8EIG_Arg_1403_Gly,0,0,0
8EIG_Glu_1409_Lys,3,20,17
8EIG_Cys_1410_Trp,1,21,20
8EIG_Cys_1410_Ser,0,0,0
8EIG_Gln_1411_Pro,1,2,1
8EIG_Phe_1413_Leu,5,2,-3
8EIG_Val_1415_Gly,1,0,-1
8EIG_Val_1415_Asp,0,0,0
8EIG_Asn_1419_Lys,0,2,2
8EIG_Val_1421_Leu,6,15,9
8EIG_Val_1421_Met,0,0,0
8EIG_Arg_1422_Trp,5,8,3
8EIG_Arg_1422_Gln,0,0,0
8EIG_Arg_1422_Pro,0,0,0
8EIG_Ser_1426_Phe,0,0,0
8EIG_Ser_1426_Pro,0,0,0
8EIG_Ser_1426_Tyr,0,0,0
8EIG_Leu_1431_Arg,0,0,0
8EIG_Asn_1432_Lys,0,0,0
8EIG_Glu_1433_Lys,0,0,0
8EIG_Leu_1436_Phe,0,0,0
8EIG_Arg_1438_Trp,0,0,0
8EIG_Ala_1440_Thr,0,0,0
8EIG_Ile_1441_Thr,0,0,0
8EIG_Ile_1441_Val,0,0,0
8EIG_Ser_1442_Arg,0,0,0
8EIG_Pro_1443_Ser,0,0,0
8EIG_Pro_1443_Ala,0,0,0
8EIG_Ser_1444_Phe,0,0,0
8EIG_Asp_1445_Asn,0,0,0
8EIG_Phe_1450_Ile,0,0,0
8EIG_Arg_1453_Trp,0,0,0
8EIG_Arg_1453_Gln,0,0,0
8EIG_Ser_1455_Ala,0,0,0
8EIG_Lys_1457_Asn,0,0,0
8EIG_Lys_1461_Glu,0,0,0
8EIG_Ile_1464_Thr,0,0,0
8EIG_Ala_1466_Ser,0,0,0
8EIG_Val_1475_Met,0,0,0
8EIG_Val_1475_Leu,0,0,0
8EIG_Thr_1478_Arg,0,0,0
8EIG_Thr_1478_Ile,0,0,0
8EIG_Arg_1479_Lys,0,0,0
8EIG_Leu_1480_Pro,0,0,0
8EIG_Ter_1481_Tyr,0,0,0
8EIQ_Met_1_?,0,0,0
8EIQ_Arg_3_Met,0,0,0
8EIQ_Ser_4_Leu,1,10,9
8EIQ_Ser_4_Ala,0,0,0
8EIQ_Pro_5_Leu,9,8,-1
8EIQ_Leu_6_Arg,4,43,39
8EIQ_Glu_7_Gln,0,1,1
8EIQ_Ala_9_Val,1,7,6
8EIQ_Ser_10_Arg,1,0,-1
8EIQ_Ser_10_Asn,0,0,0
8EIQ_Val_11_Ile,0,0,0
8EIQ_Val_11_Leu,0,0,0
8EIQ_Val_11_Ala,0,0,0
8EIQ_Val_12_Ala,2,0,-2
8EIQ_Lys_14_Ile,1,1,0
8EIQ_Lys_14_Arg,0,0,0
8EIQ_Lys_14_Glu,0,0,0
8EIQ_Leu_15_Phe,3,18,15
8EIQ_Leu_15_Val,0,0,0
8EIQ_Phe_17_Leu,7,2,-5
8EIQ_Ser_18_Gly,0,0,0
8EIQ_Thr_20_Ser,4,1,-3
8EIQ_Arg_21_Ile,9,16,7
8EIQ_Leu_24_Val,4,5,1
8EIQ_Lys_26_Glu,6,0,-6
8EIQ_Tyr_28_His,6,28,22
8EIQ_Arg_29_Thr,1,2,1
8EIQ_Arg_31_Cys,0,0,0
8EIQ_Arg_31_His,0,0,0
8EIQ_Arg_31_Leu,0,0,0
8EIQ_Leu_32_Met,7,7,0
8EIQ_Leu_32_Pro,0,0,0
8EIQ_Ser_35_Leu,0,2,2
8EIQ_Ile_37_Val,3,0,-3
8EIQ_Tyr_38_His,5,5,0
8EIQ_Tyr_38_Asn,0,0,0
8EIQ_Tyr_38_Cys,0,0,0
8EIQ_Gln_39_His,0,13,13
8EIQ_Ser_42_Phe,0,3,3
8EIQ_Val_43_Ile,1,1,0
8EIQ_Val_43_Ala,0,0,0
8EIQ_Val_43_Leu,0,0,0
8EIQ_Asp_44_Val,5,6,1
8EIQ_Ala_46_Val,3,14,11
8EIQ_Asn_48_Lys,3,4,1
8EIQ_Leu_49_Pro,3,0,-3
8EIQ_Lys_52_Ile,0,0,0
8EIQ_Glu_54_Gly,2,0,-2
8EIQ_Glu_56_Lys,2,13,11
8EIQ_Trp_57_Arg,4,30,26
8EIQ_Asp_58_His,2,4,2
8EIQ_Asp_58_Gly,0,0,0
8EIQ_Asp_58_Val,0,0,0
8EIQ_Glu_60_Asp,4,3,-1
8EIQ_Lys_64_Glu,1,8,7
8EIQ_Lys_65_Arg,0,0,0
8EIQ_Pro_67_Leu,2,10,8
8EIQ_Lys_68_Glu,1,7,6
8EIQ_Lys_68_Asn,0,0,0
8EIQ_Ala_72_Thr,2,6,4
8EIQ_Leu_73_Phe,5,36,31
8EIQ_Arg_74_Trp,9,15,6
8EIQ_Arg_74_Gln,0,0,0
8EIQ_Arg_75_Gln,2,0,-2
8EIQ_Arg_75_Leu,0,0,0
8EIQ_Cys_76_Trp,3,35,32
8EIQ_Cys_76_Arg,0,0,0
8EIQ_Phe_78_Tyr,4,6,2
8EIQ_Phe_78_Leu,0,0,0
8EIQ_Trp_79_Arg,0,0,0
8EIQ_Phe_81_Leu,6,16,10
8EIQ_Phe_83_Leu,2,0,-2
8EIQ_Tyr_84_His,2,2,0
8EIQ_Tyr_84_Cys,0,0,0
8EIQ_Gly_85_Glu,0,38,38
8EIQ_Ile_86_Val,0,0,0
8EIQ_Phe_87_Ser,2,1,-1
8EIQ_Leu_88_Phe,3,14,11
8EIQ_Leu_88_Ser,0,0,0
8EIQ_Tyr_89_Cys,8,8,0
8EIQ_Gly_91_Arg,0,29,29
8EIQ_Thr_94_Ile,4,5,1
8EIQ_Thr_94_Pro,0,0,0
8EIQ_Val_97_Ala,0,0,0
8EIQ_Gln_98_Arg,2,29,27
8EIQ_Pro_99_Leu,6,11,5
8EIQ_Leu_102_Arg,2,35,33
8EIQ_Arg_104_Gly,2,0,-2
8EIQ_Ile_105_Val,3,1,-2
8EIQ_Tyr_109_Asn,3,3,0
8EIQ_Asp_110_His,4,29,25
8EIQ_Asp_110_Glu,0,0,0
8EIQ_Asp_110_Tyr,0,0,0
8EIQ_Pro_111_Leu,2,6,4
8EIQ_Asp_112_Gly,0,0,0
8EIQ_Asp_112_Asn,0,0,0
8EIQ_Glu_116_Gln,2,10,8
8EIQ_Glu_116_Gly,0,0,0
8EIQ_Glu_116_Ala,0,0,0
8EIQ_Arg_117_His,4,2,-2
8EIQ_Arg_117_Cys,0,0,0
8EIQ_Arg_117_Gly,0,0,0
8EIQ_Arg_117_Leu,0,0,0
8EIQ_Arg_117_Ser,0,0,0
8EIQ_Ser_118_Phe,0,0,0
8EIQ_Ser_118_Cys,0,0,0
8EIQ_Ile_119_Val,0,0,0
8EIQ_Ala_120_Thr,0,6,6
8EIQ_Ala_120_Ser,0,0,0
8EIQ_Ile_121_Phe,0,10,10
8EIQ_Tyr_122_Cys,0,0,0
8EIQ_Ile_125_Thr,0,0,0
8EIQ_Gly_126_Asp,0,1,1
8EIQ_Gly_126_Ser,0,0,0
8EIQ_Gly_126_Val,0,0,0
8EIQ_Leu_130_Val,2,2,0
8EIQ_Phe_131_Leu,9,2,-7
8EIQ_Ile_132_Val,2,1,-1
8EIQ_Ile_132_Thr,0,0,0
8EIQ_Gly_134_Ala,6,1,-5
8EIQ_Thr_135_Ser,2,1,-1
8EIQ_Leu_138_Pro,2,1,-1
8EIQ_Ser_138_Asn,0,0,0
8EIQ_His_139_Pro,9,3,-6
8EIQ_His_139_Tyr,0,0,0
8EIQ_Pro_140_Ser,1,0,-1
8EIQ_Pro_140_Arg,0,0,0
8EIQ_Ala_141_Thr,0,3,3
8EIQ_Met_142_Thr,3,1,-2
8EIQ_Glu_144_Lys,0,25,25
8EIQ_Glu_144_Asp,0,0,0
8EIQ_His_147_Gln,3,8,5
8EIQ_His_147_Asn,0,0,0
8EIQ_Ile_148_Thr,6,3,-3
8EIQ_Gly_149_Glu,0,17,17
8EIQ_Met_150_Ile,4,6,2
8EIQ_Gln_151_Lys,4,11,7
8EIQ_Gln_151_Arg,0,0,0
8EIQ_Gln_151_Pro,0,0,0
8EIQ_Met_152_Leu,10,12,2
8EIQ_Gly_152_Arg,0,0,0
8EIQ_Met_152_Ile,0,0,0
8EIQ_Arg_153_Lys,6,21,15
8EIQ_Ile_154_Thr,5,3,-2
8EIQ_Tyr_155_Asn,2,12,10
8EIQ_Met_156_Val,6,3,-3
8EIQ_Ser_158_Asn,3,12,9
8EIQ_Ser_158_Thr,0,0,0
8EIQ_Ser_158_Cys,0,0,0
8EIQ_Leu_159_Ser,0,0,0
8EIQ_Ile_160_Val,6,2,-4
8EIQ_Tyr_161_Cys,11,6,-5
8EIQ_Thr_164_Ala,1,0,-1
8EIQ_Arg_170_His,0,0,0
8EIQ_Arg_170_Cys,0,0,0
8EIQ_Arg_170_Ser,0,0,0
8EIQ_Val_171_Ile,2,7,5
8EIQ_Leu_172_Ile,2,1,-1
8EIQ_Ser_176_Thr,1,1,0
8EIQ_Ser_176_Asn,0,0,0
8EIQ_Ser_176_Arg,0,0,0
8EIQ_Ile_177_Phe,4,10,6
8EIQ_Ile_177_Thr,0,0,0
8EIQ_Ile_177_Met,0,0,0
8EIQ_Ile_177_Val,0,0,0
8EIQ_Gly_178_Arg,0,25,25
8EIQ_Gly_178_Glu,0,0,0
8EIQ_Gln_179_Lys,1,1,0
8EIQ_Leu_180_Val,2,4,2
8EIQ_Leu_183_Ile,3,0,-3
8EIQ_Arg_183_Lys,0,0,0
8EIQ_Glu_185_Val,0,7,7
8EIQ_His_186_Gln,0,0,0
8EIQ_Asn_187_Lys,0,4,4
8EIQ_Cys_187_Ser,0,0,0
8EIQ_Cys_187_Gly,0,0,0
8EIQ_Leu_188_Phe,6,13,7
8EIQ_Leu_188_Pro,0,0,0
8EIQ_Cys_190_Ser,0,0,0
8EIQ_Phe_191_Val,3,3,0
8EIQ_Glu_193_Gly,1,0,-1
8EIQ_Glu_193_Lys,0,0,0
8EIQ_Gly_194_Val,0,8,8
8EIQ_Ala_196_Val,1,10,9
8EIQ_Ala_198_Val,3,16,13
8EIQ_Ala_198_Pro,0,0,0
8EIQ_His_199_Arg,8,15,7
8EIQ_Phe_200_Leu,4,6,2
8EIQ_Phe_200_Ile,0,0,0
8EIQ_Val_201_Met,0,10,10
8EIQ_Ala_204_Thr,1,3,2
8EIQ_Ala_204_Ser,0,0,0
8EIQ_Pro_205_Ser,0,1,1
8EIQ_Pro_205_Leu,0,0,0
8EIQ_Leu_206_Trp,3,4,1
8EIQ_Gln_207_His,1,7,6
8EIQ_Val_208_Ala,2,0,-2
8EIQ_Ala_209_Ser,0,0,0
8EIQ_Leu_210_Phe,2,8,6
8EIQ_Met_212_Val,2,1,-1
8EIQ_Gly_213_Glu,0,47,47
8EIQ_Leu_214_Val,4,5,1
8EIQ_Trp_216_Arg,1,9,8
8EIQ_Glu_217_Gly,0,0,0
8EIQ_Glu_217_Lys,0,0,0
8EIQ_Gln_220_Pro,0,2,2
8EIQ_Ala_221_Val,0,0,0
8EIQ_Phe_224_Leu,2,2,0
8EIQ_Cys_225_Tyr,0,0,0
8EIQ_Gly_226_Glu,0,11,11
8EIQ_Gly_226_Val,0,0,0
8EIQ_Phe_229_Tyr,1,1,0
8EIQ_Val_232_Asp,0,0,0
8EIQ_Leu_233_Val,3,4,1
8EIQ_Ala_234_Ser,0,1,1
8EIQ_Phe_236_Ser,2,0,-2
8EIQ_Gln_237_Glu,2,3,1
8EIQ_Gly_239_Arg,0,0,0
8EIQ_Gly_241_Arg,0,10,10
8EIQ_Arg_242_Lys,0,0,0
8EIQ_Met_243_Thr,1,2,1
8EIQ_Met_243_Val,0,0,0
8EIQ_Met_244_Val,4,5,1
8EIQ_Met_244_Ile,0,0,0
8EIQ_Arg_248_Thr,4,1,-3
8EIQ_Arg_248_Lys,0,0,0
8EIQ_Ala_252_Pro,0,0,0
8EIQ_Ala_252_Ser,0,0,0
8EIQ_Gly_253_Glu,0,0,0
8EIQ_Gly_253_Arg,0,0,0
8EIQ_Ile_255_Asn,2,3,1
8EIQ_Ile_255_Val,0,0,0
8EIQ_Ser_256_Gly,0,0,0
8EIQ_Ser_256_Asn,0,0,0
8EIQ_Glu_257_Ala,1,0,-1
8EIQ_Arg_258_Gly,4,0,-4
8EIQ_Arg_258_Ile,0,0,0
8EIQ_Leu_259_Phe,2,24,22
8EIQ_Leu_259_Val,0,0,0
8EIQ_Val_260_Gly,0,0,0
8EIQ_Val_260_Met,0,0,0
8EIQ_Val_260_Ala,0,0,0
8EIQ_Met_265_Arg,6,30,24
8EIQ_Ile_269_Thr,6,2,-4
8EIQ_Val_272_Ala,2,1,-1
8EIQ_Lys_273_Gln,5,4,-1
8EIQ_Lys_273_Met,0,0,0
8EIQ_Cys_276_Phe,1,11,10
8EIQ_Glu_279_Asp,0,0,0
8EIQ_Ala_280_Ser,3,9,6
8EIQ_Met_281_Thr,6,6,0
8EIQ_Met_281_Val,0,0,0
8EIQ_Glu_282_Asp,2,4,2
8EIQ_Lys_283_Arg,0,4,4
8EIQ_Ile_285_Phe,3,33,30
8EIQ_Ile_285_Thr,0,0,0
8EIQ_Asn_287_Lys,0,3,3
8EIQ_Asn_287_Ser,0,0,0
8EIQ_Asn_287_Tyr,0,0,0
8EIQ_Gln_290_Arg,0,8,8
8EIQ_Thr_291_Arg,3,1,-2
8EIQ_Thr_291_Ile,0,0,0
8EIQ_Thr_291_Ala,0,0,0
8EIQ_Leu_293_Met,4,1,-3
8EIQ_Arg_297_Gln,5,1,-4
8EIQ_Arg_297_Trp,0,0,0
8EIQ_Ala_299_Thr,0,3,3
8EIQ_Ala_300_Gly,2,0,-2
8EIQ_Tyr_301_Cys,3,0,-3
8EIQ_Phe_305_Val,2,6,4
8EIQ_Asn_306_Ser,3,0,-3
8EIQ_Ala_309_Gly,4,0,-4
8EIQ_Ala_309_Thr,0,0,0
8EIQ_Phe_310_Leu,2,5,3
8EIQ_Gly_314_Glu,0,37,37
8EIQ_Phe_315_Ser,2,5,3
8EIQ_Phe_316_Leu,0,1,1
8EIQ_Val_317_Gly,3,0,-3
8EIQ_Leu_320_Val,1,0,-1
8EIQ_Leu_320_Phe,0,0,0
8EIQ_Ser_321_Pro,0,0,0
8EIQ_Val_322_Met,1,9,8
8EIQ_Tyr_325_Cys,6,5,-1
8EIQ_Leu_327_Arg,1,13,12
8EIQ_Ile_331_Asn,7,10,3
8EIQ_Leu_333_Phe,7,14,7
8EIQ_Arg_334_Gln,5,9,4
8EIQ_Arg_334_Trp,0,0,0
8EIQ_Arg_334_Leu,0,0,0
8EIQ_Ile_336_Lys,4,10,6
8EIQ_Ile_336_Thr,0,0,0
8EIQ_Phe_337_Val,4,3,-1
8EIQ_Thr_338_Ile,2,4,2
8EIQ_Thr_338_Ala,0,0,0
8EIQ_Ile_340_Val,3,1,-2
8EIQ_Cys_343_Phe,3,11,8
8EIQ_Ile_344_Val,0,0,0
8EIQ_Arg_347_His,4,11,7
8EIQ_Arg_347_Pro,0,0,0
8EIQ_Arg_347_Cys,0,0,0
8EIQ_Arg_347_Ser,0,0,0
8EIQ_Met_348_Lys,1,4,3
8EIQ_Met_348_Val,0,0,0
8EIQ_Ala_349_Val,0,4,4
8EIQ_Thr_351_Ser,2,1,-1
8EIQ_Thr_351_Ile,0,0,0
8EIQ_Arg_352_Trp,0,27,27
8EIQ_Arg_352_Gln,0,0,0
8EIQ_Gln_353_His,3,4,1
8EIQ_Pro_355_Leu,1,9,8
8EIQ_Thr_360_Ile,0,5,5
8EIQ_Trp_361_Arg,4,15,11
8EIQ_Asn_369_Ser,0,0,0
8EIQ_Lys_370_Glu,0,0,0
8EIQ_Ile_371_Met,7,12,5
8EIQ_Ile_371_Thr,0,0,0
8EIQ_Asp_373_Asn,0,0,0
8EIQ_Asp_373_Tyr,0,0,0
8EIQ_Asp_373_Val,0,0,0
8EIQ_Leu_375_Phe,0,9,9
8EIQ_Gln_378_Arg,1,5,4
8EIQ_Glu_379_Asp,4,5,1
8EIQ_Tyr_380_Cys,2,0,-2
8EIQ_Thr_382_Pro,1,1,0
8EIQ_Glu_384_Asp,0,0,0
8EIQ_Leu_387_Ser,0,0,0
8EIQ_Thr_388_Met,1,7,6
8EIQ_Thr_389_Ser,1,2,1
8EIQ_Thr_390_Ile,0,3,3
8EIQ_Thr_390_Ala,0,0,0
8EIQ_Met_394_Thr,9,5,-4
8EIQ_Asn_396_Tyr,1,2,1
8EIQ_Asn_396_Thr,0,0,0
8EIQ_Ala_399_Val,2,10,8
8EIQ_Ala_399_Gly,0,0,0
8EIQ_Phe_400_Ser,3,1,-2
8EIQ_Trp_401_Cys,6,3,-3
8EIQ_Trp_401_Leu,0,0,0
8EIQ_Gly_404_Arg,0,0,0
8EIQ_Gly_404_Val,0,0,0
8EIQ_Gly_404_Ala,0,0,0
8EIQ_Gly_406_Glu,0,0,0
8EIQ_Glu_407_Lys,0,0,0
8EIQ_Glu_407_Val,0,0,0
8EIQ_Phe_409_Ile,0,0,0
8EIQ_Lys_411_Glu,0,0,0
8EIQ_Ala_412_Ser,0,0,0
8EIQ_Gln_414_Pro,0,0,0
8EIQ_Asn_416_Ser,0,0,0
8EIQ_Asn_416_Asp,0,0,0
8EIQ_Asn_418_Ser,0,0,0
8EIQ_Asn_423_Lys,0,0,0
8EIQ_Gly_424_Ser,0,0,0
8EIQ_Leu_428_Ile,0,0,0
8EIQ_Ser_431_Gly,0,0,0
8EIQ_Leu_435_Pro,0,0,0
8EIQ_Gly_437_Asp,0,0,0
8EIQ_Thr_438_Ala,1,0,-1
8EIQ_Pro_439_Thr,5,6,1
8EIQ_Val_440_Ala,3,0,-3
8EIQ_Leu_441_Pro,2,5,3
8EIQ_Asp_443_Tyr,1,3,2
8EIQ_Asp_443_Glu,0,0,0
8EIQ_Ile_444_Thr,5,2,-3
8EIQ_Ile_444_Val,0,0,0
8EIQ_Lys_447_Arg,1,9,8
8EIQ_Ile_448_Thr,12,3,-9
8EIQ_Glu_449_Gly,2,0,-2
8EIQ_Arg_450_Ile,0,5,5
8EIQ_Gly_451_Arg,0,26,26
8EIQ_Gln_452_Arg,3,20,17
8EIQ_Ala_455_Val,3,9,6
8EIQ_Ala_455_Glu,0,0,0
8EIQ_Val_456_Ala,3,1,-2
8EIQ_Ser_459_Phe,0,11,11
8EIQ_Ala_462_Val,0,5,5
8EIQ_Thr_465_Asn,5,16,11
8EIQ_Ser_466_Leu,1,22,21
8EIQ_Leu_467_Phe,4,29,25
8EIQ_Leu_467_Pro,0,0,0
8EIQ_Met_469_Ile,2,4,2
8EIQ_Met_469_Val,0,0,0
8EIQ_Val_470_Met,6,12,6
8EIQ_Ile_471_Val,4,2,-2
8EIQ_Glu_474_Gln,4,8,4
8EIQ_Pro_477_Ser,1,2,1
8EIQ_Pro_477_Thr,0,0,0
8EIQ_Glu_479_Asp,1,1,0
8EIQ_Glu_479_Gly,0,0,0
8EIQ_Gly_480_Cys,0,6,6
8EIQ_His_484_Tyr,5,4,-1
8EIQ_Ser_485_Cys,1,2,1
8EIQ_Ser_485_Thr,0,0,0
8EIQ_Arg_487_Lys,4,1,-3
8EIQ_Phe_490_Cys,7,4,-3
8EIQ_Cys_491_Phe,2,11,9
8EIQ_Ser_492_Phe,2,36,34
8EIQ_Gln_493_Arg,7,22,15
8EIQ_Ser_495_Phe,0,10,10
8EIQ_Met_498_Thr,7,7,0
8EIQ_Pro_499_Ala,2,0,-2
8EIQ_Pro_499_Ser,0,0,0
8EIQ_Gly_500_Asp,0,18,18
8EIQ_Gly_500_Ser,0,0,0
8EIQ_Ile_502_Thr,7,2,-5
8EIQ_Ile_502_Val,0,0,0
8EIQ_Ile_506_Val,3,1,-2
8EIQ_Ile_506_Thr,0,0,0
8EIQ_Ile_506_Leu,0,0,0
8EIQ_Ile_507_Val,5,9,4
8EIQ_Phe_508_Cys,0,0,0
8EIQ_Phe_508_Val,0,0,0
8EIQ_Phe_508_Leu,0,0,0
8EIQ_Val_510_Ile,1,1,0
8EIQ_Asp_513_Gly,2,0,-2
8EIQ_Asp_513_Tyr,0,0,0
8EIQ_Tyr_515_His,0,0,0
8EIQ_Ser_519_Asn,0,3,3
8EIQ_Val_520_Ile,2,9,7
8EIQ_Val_520_Phe,0,0,0
8EIQ_Ile_521_Leu,3,8,5
8EIQ_Ile_521_Phe,0,0,0
8EIQ_Cys_524_Arg,2,12,10
8EIQ_Glu_527_Gly,5,0,-5
8EIQ_Glu_527_Gln,0,0,0
8EIQ_Glu_528_Lys,1,0,-1
8EIQ_Ile_530_Met,1,4,3
8EIQ_Ile_530_Asn,0,0,0
8EIQ_Lys_532_Asn,0,0,0
8EIQ_Ala_534_Glu,2,2,0
8EIQ_Ala_534_Ser,0,0,0
8EIQ_Lys_536_Glu,1,0,-1
8EIQ_Asn_538_Lys,0,0,0
8EIQ_Asn_538_Tyr,0,0,0
8EIQ_Ile_539_Thr,8,1,-7
8EIQ_Val_540_Ile,0,0,0
8EIQ_Val_540_Ala,0,0,0
8EIQ_Gly_542_Glu,0,1,1
8EIQ_Gly_542_Arg,0,0,0
8EIQ_Gly_544_Ser,0,4,4
8EIQ_Ile_546_Phe,0,3,3
8EIQ_Thr_547_Ile,0,1,1
8EIQ_Thr_547_Ala,0,0,0
8EIQ_Leu_548_Pro,8,4,-4
8EIQ_Ser_549_Asn,9,16,7
8EIQ_Ser_549_Arg,0,0,0
8EIQ_Gly_551_Asp,0,22,22
8EIQ_Gly_551_Ser,0,0,0
8EIQ_Arg_553_Gln,3,1,-2
8EIQ_Arg_553_Pro,0,0,0
8EIQ_Ile_556_Val,4,1,-3
8EIQ_Ser_557_Thr,0,2,2
8EIQ_Leu_558_Ser,3,1,-2
8EIQ_Ala_559_Thr,3,8,5
8EIQ_Ala_559_Ser,0,0,0
8EIQ_Arg_560_Thr,0,1,1
8EIQ_Arg_560_Ser,0,0,0
8EIQ_Ala_561_Glu,2,10,8
8EIQ_Ala_561_Ser,0,0,0
8EIQ_Val_562_Ile,5,10,5
8EIQ_Val_562_Leu,0,0,0
8EIQ_Tyr_563_Asn,8,11,3
8EIQ_Lys_564_Arg,2,33,31
8EIQ_Lys_564_Glu,0,0,0
8EIQ_Asp_565_His,1,19,18
8EIQ_Asp_565_Tyr,0,0,0
8EIQ_Ala_566_Asp,0,4,4
8EIQ_Asp_567_Asn,4,18,14
8EIQ_Tyr_569_Asp,4,2,-2
8EIQ_Asp_572_Glu,5,16,11
8EIQ_Ser_573_Phe,2,25,23
8EIQ_Ser_573_Cys,0,0,0
8EIQ_Pro_574_His,1,25,24
8EIQ_Phe_575_Tyr,6,13,7
8EIQ_Phe_575_Ile,0,0,0
8EIQ_Gly_576_Ala,0,5,5
8EIQ_Gly_576_Val,0,0,0
8EIQ_Tyr_577_Cys,3,0,-3
8EIQ_Tyr_577_Phe,0,0,0
8EIQ_Asp_579_Gly,4,0,-4
8EIQ_Thr_582_Ser,3,2,-1
8EIQ_Glu_583_Gly,4,0,-4
8EIQ_Glu_585_Lys,0,3,3
8EIQ_Phe_587_Val,11,7,-4
8EIQ_Phe_587_Ile,0,0,0
8EIQ_Glu_588_Lys,1,7,6
8EIQ_Glu_588_Gly,0,0,0
8EIQ_Glu_588_Ala,0,0,0
8EIQ_Ser_589_Thr,0,1,1
8EIQ_Cys_592_Tyr,1,35,34
8EIQ_Met_595_Val,3,2,-1
8EIQ_Met_595_Leu,0,0,0
8EIQ_Asn_597_Lys,0,0,0
8EIQ_Thr_599_Ser,1,1,0
8EIQ_Ile_601_Val,8,4,-4
8EIQ_Ile_601_Phe,0,0,0
8EIQ_Val_603_Ile,2,8,6
8EIQ_Ser_605_Pro,0,0,0
8EIQ_Leu_610_Ile,3,8,5
8EIQ_Leu_610_Phe,0,0,0
8EIQ_Asp_614_Gly,0,0,0
8EIQ_Ile_616_Val,4,3,-1
8EIQ_Leu_617_Phe,1,35,34
8EIQ_Ile_618_Thr,7,4,-3
8EIQ_His_620_Arg,5,0,-5
8EIQ_His_620_Leu,0,0,0
8EIQ_Gly_622_Asp,0,0,0
8EIQ_Tyr_625_Asn,3,7,4
8EIQ_Phe_626_Leu,4,5,1
8EIQ_Tyr_627_Cys,3,0,-3
8EIQ_Gly_628_Arg,0,49,49
8EIQ_Thr_629_Ala,1,0,-1
8EIQ_Leu_633_Ile,2,7,5
8EIQ_Asn_635_Thr,0,0,0
8EIQ_Leu_636_Pro,0,0,0
8EIQ_Pro_638_Ser,0,0,0
8EIQ_Ser_641_Gly,0,0,0
8EIQ_Met_645_Thr,0,0,0
8EIQ_Met_645_Lys,0,0,0
8EIQ_Asp_648_Asn,0,0,0
8EIQ_Phe_650_Leu,0,0,0
8EIQ_Asp_651_Asn,0,0,0
8EIQ_Gln_652_Glu,0,0,0
8EIQ_Gln_652_Lys,0,0,0
8EIQ_Phe_653_Val,0,0,0
8EIQ_Ser_654_Gly,0,0,0
8EIQ_Glu_656_Gln,0,0,0
8EIQ_Ile_661_Met,0,0,0
8EIQ_Ile_661_Val,0,0,0
8EIQ_Ile_661_Thr,0,0,0
8EIQ_His_667_Tyr,0,0,0
8EIQ_Arg_668_Cys,0,0,0
8EIQ_Arg_668_His,0,0,0
8EIQ_Glu_672_Lys,0,0,0
8EIQ_Asp_674_Gly,0,0,0
8EIQ_Asp_674_Val,0,0,0
8EIQ_Ala_675_Val,0,0,0
8EIQ_Pro_676_Ala,0,0,0
8EIQ_Pro_676_Ser,0,0,0
8EIQ_Glu_681_Val,0,0,0
8EIQ_Lys_684_Thr,0,0,0
8EIQ_Ser_686_Tyr,0,0,0
8EIQ_Ser_686_Thr,0,0,0
8EIQ_Lys_688_Gln,0,0,0
8EIQ_Thr_690_Ala,0,0,0
8EIQ_Gly_691_Arg,0,0,0
8EIQ_Phe_693_Leu,0,0,0
8EIQ_Glu_695_Gly,0,0,0
8EIQ_Asn_699_Lys,0,0,0
8EIQ_Asn_703_Ile,0,0,0
8EIQ_Pro_704_Leu,0,0,0
8EIQ_Pro_704_Arg,0,0,0
8EIQ_Ile_705_Val,0,0,0
8EIQ_Ser_707_Cys,0,0,0
8EIQ_Ile_708_Thr,0,0,0
8EIQ_Arg_709_Gln,0,0,0
8EIQ_Val_714_Leu,0,0,0
8EIQ_Gln_715_His,0,0,0
8EIQ_Pro_718_Arg,0,0,0
8EIQ_Gln_720_Arg,0,0,0
8EIQ_Gly_723_Val,0,0,0
8EIQ_Glu_725_Lys,0,0,0
8EIQ_Asp_727_Ala,0,0,0
8EIQ_Pro_731_Leu,0,0,0
8EIQ_Ser_737_Phe,0,0,0
8EIQ_Ser_737_Thr,0,0,0
8EIQ_Pro_740_Leu,0,0,0
8EIQ_Gln_744_Pro,0,0,0
8EIQ_Ala_747_Val,0,0,0
8EIQ_Pro_750_Leu,0,0,0
8EIQ_Arg_751_Cys,0,0,0
8EIQ_Arg_751_His,0,0,0
8EIQ_Arg_751_Leu,0,0,0
8EIQ_Ile_752_Ser,0,0,0
8EIQ_Ser_753_Gly,0,0,0
8EIQ_Ser_753_Asn,0,0,0
8EIQ_Val_754_Met,0,0,0
8EIQ_Ile_755_Phe,0,0,0
8EIQ_Ser_756_Cys,0,0,0
8EIQ_Thr_757_Ser,0,0,0
8EIQ_Thr_760_Met,0,0,0
8EIQ_Thr_760_Arg,0,0,0
8EIQ_Arg_764_Gln,0,0,0
8EIQ_Arg_765_Lys,0,0,0
8EIQ_Arg_766_Lys,0,0,0
8EIQ_Gln_767_His,0,0,0
8EIQ_Ser_768_Phe,0,0,0
8EIQ_Val_769_Ile,0,0,0
8EIQ_His_775_Tyr,0,0,0
8EIQ_His_775_Arg,0,0,0
8EIQ_Ser_776_Leu,0,0,0
8EIQ_Gln_781_His,0,0,0
8EIQ_Ile_783_Val,0,0,0
8EIQ_Arg_785_Gln,0,0,0
8EIQ_Arg_785_Pro,0,0,0
8EIQ_Lys_786_Asn,0,0,0
8EIQ_Arg_792_Gly,0,0,0
8EIQ_Arg_792_Gln,0,0,0
8EIQ_Val_794_Leu,0,0,0
8EIQ_Leu_796_Pro,0,0,0
8EIQ_Pro_798_Ser,0,0,0
8EIQ_Gln_799_Lys,0,0,0
8EIQ_Ala_800_Ser,0,0,0
8EIQ_Ala_800_Val,0,0,0
8EIQ_Asn_801_Tyr,0,0,0
8EIQ_Leu_802_Phe,0,0,0
8EIQ_Asp_806_Gly,0,0,0
8EIQ_Ile_807_Met,0,0,0
8EIQ_Arg_810_Gly,0,0,0
8EIQ_Arg_811_Ser,0,0,0
8EIQ_Gly_817_Val,0,0,0
8EIQ_Ser_821_Asn,0,0,0
8EIQ_Glu_823_Asp,0,0,0
8EIQ_Glu_826_Lys,0,0,0
8EIQ_Glu_826_Asp,0,0,0
8EIQ_Asp_828_Asn,0,0,0
8EIQ_Asp_828_Glu,0,0,0
8EIQ_Cys_832_Tyr,0,0,0
8EIQ_Cys_832_Gly,0,0,0
8EIQ_Phe_834_Leu,0,0,0
8EIQ_Asp_836_Tyr,0,0,0
8EIQ_Met_837_Thr,0,0,0
8EIQ_Asn_847_Ser,0,0,0
8EIQ_Tyr_849_Cys,4,0,-4
8EIQ_Arg_851_Gln,6,4,-2
8EIQ_Ile_853_Val,0,0,0
8EIQ_Ile_853_Phe,0,0,0
8EIQ_Thr_854_Ile,0,1,1
8EIQ_Val_855_Ile,2,6,4
8EIQ_Lys_857_Asn,0,0,0
8EIQ_Leu_859_Phe,5,29,24
8EIQ_Val_862_Leu,0,5,5
8EIQ_Cys_866_Tyr,2,20,18
8EIQ_Glu_873_Val,0,1,1
8EIQ_Val_874_Leu,3,8,5
8EIQ_Ala_876_Val,0,0,0
8EIQ_Ser_877_Ala,0,0,0
8EIQ_Thr_887_Pro,0,0,0
8EIQ_Thr_887_Asn,0,0,0
8EIQ_Pro_888_His,0,0,0
8EIQ_Leu_889_Phe,0,0,0
8EIQ_Leu_889_Val,0,0,0
8EIQ_Gln_890_Arg,0,0,0
8EIQ_Asp_891_Gly,0,0,0
8EIQ_Asp_891_Asn,0,0,0
8EIQ_Asn_894_Lys,0,0,0
8EIQ_Asn_894_Ser,0,0,0
8EIQ_Ser_895_Asn,0,0,0
8EIQ_Ser_895_Thr,0,0,0
8EIQ_Thr_896_Ile,0,0,0
8EIQ_His_897_Tyr,0,0,0
8EIQ_Ser_898_Arg,0,0,0
8EIQ_Asn_901_Ile,0,0,0
8EIQ_Tyr_903_Cys,0,0,0
8EIQ_Val_905_Leu,1,6,5
8EIQ_Ile_907_Ser,3,2,-1
8EIQ_Ile_907_Val,0,0,0
8EIQ_Thr_908_Asn,1,0,-1
8EIQ_Thr_910_Ser,3,2,-1
8EIQ_Ser_911_Asn,2,10,8
8EIQ_Ser_912_Leu,0,5,5
8EIQ_Tyr_913_Cys,3,3,0
8EIQ_Val_915_Leu,1,0,-1
8EIQ_Ile_918_Val,3,1,-2
8EIQ_Tyr_919_Cys,4,2,-2
8EIQ_Val_920_Met,1,7,6
8EIQ_Val_920_Leu,0,0,0
8EIQ_Gly_921_Arg,0,39,39
8EIQ_Val_922_Gly,1,0,-1
8EIQ_Asp_924_Asn,1,7,6
8EIQ_Thr_925_Asn,2,2,0
8EIQ_Leu_926_Phe,0,3,3
8EIQ_Leu_926_Ser,0,0,0
8EIQ_Gly_934_Ser,0,13,13
8EIQ_Pro_936_Thr,0,3,3
8EIQ_Pro_936_Leu,0,0,0
8EIQ_Val_938_Leu,2,6,4
8EIQ_Val_938_Gly,0,0,0
8EIQ_Val_938_Met,0,0,0
8EIQ_His_939_Asp,5,9,4
8EIQ_His_939_Gln,0,0,0
8EIQ_Val_944_Ala,4,0,-4
8EIQ_Ser_945_Leu,3,11,8
8EIQ_Lys_946_Glu,3,12,9
8EIQ_Lys_946_Gln,0,0,0
8EIQ_Leu_948_Phe,2,20,18
8EIQ_His_949_Leu,4,16,12
8EIQ_His_949_Tyr,0,0,0
8EIQ_His_950_Arg,0,12,12
8EIQ_Lys_951_Glu,2,2,0
8EIQ_Lys_951_Thr,0,0,0
8EIQ_Met_952_Thr,7,3,-4
8EIQ_Met_952_Ile,0,0,0
8EIQ_His_954_Tyr,0,4,4
8EIQ_Ala_959_Val,2,8,6
8EIQ_Ala_959_Thr,0,0,0
8EIQ_Pro_960_Ser,2,1,-1
8EIQ_Pro_960_Leu,0,0,0
8EIQ_Met_961_Thr,5,1,-4
8EIQ_Met_961_Ile,0,0,0
8EIQ_Met_961_Val,0,0,0
8EIQ_Leu_964_Phe,4,6,2
8EIQ_Asn_965_Lys,0,4,4
8EIQ_Leu_967_Ser,4,1,-3
8EIQ_Gly_970_Asp,0,13,13
8EIQ_Phe_976_Ser,0,0,0
8EIQ_Phe_976_Leu,0,0,0
8EIQ_Ser_977_Phe,2,19,17
8EIQ_Ser_977_Ala,0,0,0
8EIQ_Ser_977_Cys,0,0,0
8EIQ_Ser_977_Pro,0,0,0
8EIQ_Lys_978_Arg,4,37,33
8EIQ_Asp_979_Ala,3,1,-2
8EIQ_Asp_979_Gly,0,0,0
8EIQ_Ile_980_Lys,4,17,13
8EIQ_Ile_982_Val,2,1,-1
8EIQ_Asp_984_Asn,4,6,2
8EIQ_Asp_985_Asn,0,1,1
8EIQ_Asp_985_Glu,0,0,0
8EIQ_Leu_986_Pro,1,4,3
8EIQ_Thr_990_Asn,2,2,0
8EIQ_Thr_990_Ser,0,0,0
8EIQ_Ile_991_Val,3,3,0
8EIQ_Ile_991_Met,0,0,0
8EIQ_Phe_992_Leu,2,10,8
8EIQ_Asp_993_Gly,0,0,0
8EIQ_Phe_994_Leu,2,12,10
8EIQ_Phe_994_Cys,0,0,0
8EIQ_Ile_995_Asn,1,1,0
8EIQ_Ile_995_Leu,0,0,0
8EIQ_Leu_997_Phe,5,15,10
8EIQ_Val_1001_Leu,2,8,6
8EIQ_Ile_1002_Phe,0,2,2
8EIQ_Gly_1003_Glu,0,35,35
8EIQ_Ala_1004_Gly,0,0,0
8EIQ_Ile_1005_Arg,3,19,16
8EIQ_Ala_1006_Thr,0,0,0
8EIQ_Ala_1006_Glu,0,0,0
8EIQ_Val_1008_Asp,1,1,0
8EIQ_Ala_1009_Thr,1,3,2
8EIQ_Ala_1009_Val,0,0,0
8EIQ_Pro_1013_His,0,4,4
8EIQ_Pro_1013_Leu,0,0,0
8EIQ_Pro_1013_Arg,0,0,0
8EIQ_Tyr_1014_Cys,1,1,0
8EIQ_Phe_1016_Ser,1,2,1
8EIQ_Ala_1018_Thr,1,3,2
8EIQ_Pro_1021_Thr,1,0,-1
8EIQ_Pro_1021_Ser,0,0,0
8EIQ_Val_1022_Met,4,14,10
8EIQ_Ile_1023_Val,3,3,0
8EIQ_Ile_1023_Arg,0,0,0
8EIQ_Ala_1025_Ser,0,0,0
8EIQ_Ala_1025_Val,0,0,0
8EIQ_Ile_1027_Thr,1,0,-1
8EIQ_Met_1028_Val,1,1,0
8EIQ_Met_1028_Arg,0,0,0
8EIQ_Met_1028_Ile,0,0,0
8EIQ_Leu_1029_Met,5,5,0
8EIQ_Ala_1031_Val,0,0,0
8EIQ_Tyr_1032_Cys,4,0,-4
8EIQ_Thr_1036_Asn,1,2,1
8EIQ_Gln_1039_Arg,4,6,2
8EIQ_Lys_1041_Gln,3,14,11
8EIQ_Glu_1044_Gln,5,12,7
8EIQ_Gly_1047_Val,0,10,10
8EIQ_Ser_1049_Asn,0,9,9
8EIQ_Pro_1050_Ala,1,0,-1
8EIQ_Ile_1051_Val,2,1,-1
8EIQ_Ile_1051_Phe,0,0,0
8EIQ_Phe_1052_Val,1,3,2
8EIQ_Phe_1052_Leu,0,0,0
8EIQ_Thr_1053_Ile,0,2,2
8EIQ_His_1054_Gln,11,2,-9
8EIQ_His_1054_Tyr,0,0,0
8EIQ_Thr_1057_Ala,3,3,0
8EIQ_Gly_1061_Arg,0,57,57
8EIQ_Leu_1065_Phe,6,18,12
8EIQ_Arg_1066_His,4,10,6
8EIQ_Arg_1066_Cys,0,0,0
8EIQ_Ala_1067_Val,0,3,3
8EIQ_Ala_1067_Thr,0,0,0
8EIQ_Gly_1069_Arg,0,0,0
8EIQ_Arg_1070_Gln,5,1,-4
8EIQ_Arg_1070_Trp,0,0,0
8EIQ_Gln_1071_Arg,0,12,12
8EIQ_Phe_1074_Leu,6,5,-1
8EIQ_Leu_1077_Pro,4,3,-1
8EIQ_Lys_1080_Arg,0,4,4
8EIQ_Lys_1080_Gln,0,0,0
8EIQ_Lys_1080_Glu,0,0,0
8EIQ_Ala_1081_Gly,0,0,0
8EIQ_His_1085_Pro,4,3,-1
8EIQ_Thr_1086_Ser,2,1,-1
8EIQ_Thr_1086_Ala,0,0,0
8EIQ_Trp_1089_Cys,17,9,-8
8EIQ_Phe_1090_Leu,4,9,5
8EIQ_Leu_1091_Phe,2,8,6
8EIQ_Tyr_1092_His,2,10,8
8EIQ_Tyr_1092_Cys,0,0,0
8EIQ_Arg_1097_Cys,9,1,-8
8EIQ_Arg_1097_His,0,0,0
8EIQ_Arg_1097_Pro,0,0,0
8EIQ_Trp_1098_Cys,11,4,-7
8EIQ_Phe_1099_Leu,8,12,4
8EIQ_Gln_1100_Pro,1,1,0
8EIQ_Met_1101_Lys,4,28,24
8EIQ_Met_1101_Ile,0,0,0
8EIQ_Arg_1102_Lys,9,31,22
8EIQ_Ile_1106_Thr,4,1,-3
8EIQ_Val_1108_Leu,4,12,8
8EIQ_Ile_1109_Val,0,6,6
8EIQ_Phe_1111_Leu,8,13,5
8EIQ_Val_1114_Leu,3,9,6
8EIQ_Phe_1116_Ser,1,0,-1
8EIQ_Ile_1117_Thr,1,0,-1
8EIQ_Ser_1118_Phe,1,36,35
8EIQ_Ser_1118_Cys,0,0,0
8EIQ_Gly_1130_Ala,0,7,7
8EIQ_Gly_1130_Val,0,0,0
8EIQ_Gly_1130_Ser,0,0,0
8EIQ_Ile_1131_Val,4,3,-1
8EIQ_Ala_1136_Thr,0,3,3
8EIQ_Met_1137_Val,6,4,-2
8EIQ_Met_1137_Thr,0,0,0
8EIQ_Ile_1139_Val,3,3,0
8EIQ_Met_1140_Val,11,7,-4
8EIQ_Ala_1146_Val,1,5,4
8EIQ_Ala_1146_Asp,0,0,0
8EIQ_Val_1147_Glu,0,12,12
8EIQ_Asn_1148_Lys,0,2,2
8EIQ_Ile_1151_Val,3,2,-1
8EIQ_Asp_1152_His,1,1,0
8EIQ_Val_1153_Glu,2,17,15
8EIQ_Val_1153_Met,0,0,0
8EIQ_Asp_1154_Glu,2,13,11
8EIQ_Asp_1154_Gly,0,0,0
8EIQ_Leu_1156_Phe,3,7,4
8EIQ_Met_1157_Ile,5,9,4
8EIQ_Arg_1158_Gln,1,9,8
8EIQ_Ser_1159_Pro,1,2,1
8EIQ_Ser_1159_Phe,0,0,0
8EIQ_Arg_1162_Leu,8,5,-3
8EIQ_Arg_1162_Gln,0,0,0
8EIQ_Val_1163_Gly,1,0,-1
8EIQ_Lys_1165_Arg,0,0,0
8EIQ_Ile_1167_Val,2,0,-2
8EIQ_Asp_1168_Gly,1,0,-1
8EIQ_Thr_1171_Ala,0,0,0
8EIQ_Glu_1172_Gln,1,11,10
8EIQ_Gly_1173_Ser,0,1,1
8EIQ_Lys_1174_Thr,0,0,0
8EIQ_Lys_1177_Arg,0,0,0
8EIQ_Lys_1177_Thr,0,0,0
8EIQ_Pro_1181_Gln,0,0,0
8EIQ_Tyr_1182_His,0,0,0
8EIQ_Lys_1183_Asn,0,0,0
8EIQ_Asn_1184_Lys,0,0,0
8EIQ_Gln_1186_His,0,0,0
8EIQ_Leu_1187_Val,0,0,0
8EIQ_Leu_1187_Ile,0,0,0
8EIQ_Ser_1188_Pro,0,0,0
8EIQ_Ser_1188_Leu,0,0,0
8EIQ_Met_1191_Thr,0,0,0
8EIQ_His_1197_Leu,0,0,0
8EIQ_His_1197_Arg,0,0,0
8EIQ_Val_1198_Met,0,0,0
8EIQ_Val_1198_Leu,0,0,0
8EIQ_Lys_1199_Arg,0,0,0
8EIQ_Lys_1200_Gln,0,0,0
8EIQ_Asp_1201_Tyr,0,0,0
8EIQ_Ile_1203_Phe,0,0,0
8EIQ_Ile_1203_Val,0,0,0
8EIQ_Gly_1208_Asp,0,19,19
8EIQ_Gln_1209_Lys,1,13,12
8EIQ_Met_1210_Leu,4,6,2
8EIQ_Thr_1216_Ala,4,2,-2
8EIQ_Ala_1217_Val,1,10,9
8EIQ_Tyr_1219_His,14,11,-3
8EIQ_Thr_1220_Ile,0,0,0
8EIQ_Gly_1223_Arg,0,18,18
8EIQ_Asn_1224_Lys,0,0,0
8EIQ_Ala_1225_Val,2,8,6
8EIQ_Ile_1226_Thr,2,2,0
8EIQ_Leu_1227_Ser,6,1,-5
8EIQ_Glu_1228_Gln,1,2,1
8EIQ_Glu_1228_Gly,0,0,0
8EIQ_Asn_1229_Lys,1,1,0
8EIQ_Ile_1230_Thr,8,4,-4
8EIQ_Ile_1230_Val,0,0,0
8EIQ_Ile_1234_Val,6,3,-3
8EIQ_Ser_1235_Arg,2,2,0
8EIQ_Gly_1237_Asp,0,1,1
8EIQ_Gln_1238_Lys,5,4,-1
8EIQ_Val_1240_Gly,6,0,-6
8EIQ_Gly_1241_Asp,0,16,16
8EIQ_Leu_1242_Phe,5,15,10
8EIQ_Gly_1244_Glu,0,37,37
8EIQ_Gly_1244_Val,0,0,0
8EIQ_Thr_1246_Ile,5,13,8
8EIQ_Thr_1246_Ser,0,0,0
8EIQ_Ser_1248_Leu,1,4,3
8EIQ_Gly_1249_Glu,0,17,17
8EIQ_Gly_1249_Arg,0,0,0
8EIQ_Ser_1251_Asn,4,14,10
8EIQ_Ser_1251_Arg,0,0,0
8EIQ_Leu_1254_Phe,3,18,15
8EIQ_Ser_1255_Thr,1,3,2
8EIQ_Ser_1255_Leu,0,0,0
8EIQ_Ala_1256_Val,1,8,7
8EIQ_Phe_1257_Leu,5,4,-1
8EIQ_Arg_1259_Thr,9,0,-9
8EIQ_Thr_1263_Ile,5,18,13
8EIQ_Glu_1264_Gly,4,0,-4
8EIQ_Gln_1268_Arg,2,2,0
8EIQ_Ile_1269_Met,8,16,8
8EIQ_Asp_1270_Asn,0,4,4
8EIQ_Asp_1270_Gly,0,0,0
8EIQ_Val_1272_Glu,5,2,-3
8EIQ_Val_1272_Gly,0,0,0
8EIQ_Ile_1277_Val,4,3,-1
8EIQ_Ile_1277_Thr,0,0,0
8EIQ_Leu_1279_Trp,1,23,22
8EIQ_Gln_1281_Arg,6,5,-1
8EIQ_Trp_1282_Cys,14,4,-10
8EIQ_Arg_1283_Lys,2,1,-1
8EIQ_Ala_1285_Val,1,7,6
8EIQ_Val_1288_Ala,1,0,-1
8EIQ_Ile_1289_Val,3,1,-2
8EIQ_Pro_1290_Leu,1,4,3
8EIQ_Pro_1290_Thr,0,0,0
8EIQ_Gln_1291_His,3,26,23
8EIQ_Gln_1291_Arg,0,0,0
8EIQ_Val_1293_Ile,4,8,4
8EIQ_Val_1293_Leu,0,0,0
8EIQ_Thr_1299_Ala,1,1,0
8EIQ_Phe_1300_Leu,6,9,3
8EIQ_Asn_1303_Lys,3,13,10
8EIQ_Asn_1303_Ile,0,0,0
8EIQ_Asn_1303_Tyr,0,0,0
8EIQ_Leu_1304_Val,4,2,-2
8EIQ_Pro_1306_Ser,5,2,-3
8EIQ_Tyr_1307_Asn,3,1,-2
8EIQ_Gln_1309_Glu,5,3,-2
8EIQ_Trp_1310_Gly,11,0,-11
8EIQ_Ser_1311_Arg,1,0,-1
8EIQ_Asp_1312_Gly,4,0,-4
8EIQ_Gln_1313_Lys,0,0,0
8EIQ_Val_1318_Ala,3,0,-3
8EIQ_Val_1318_Ile,0,0,0
8EIQ_Val_1322_Phe,4,24,20
8EIQ_Val_1322_Ile,0,0,0
8EIQ_Val_1327_Leu,6,16,10
8EIQ_Ile_1328_Thr,0,0,0
8EIQ_Ile_1328_Met,0,0,0
8EIQ_Ile_1328_Val,0,0,0
8EIQ_Gln_1330_Glu,4,4,0
8EIQ_Phe_1331_Leu,11,9,-2
8EIQ_Phe_1331_Ile,0,0,0
8EIQ_Leu_1335_Phe,6,32,26
8EIQ_Phe_1337_Val,3,3,0
8EIQ_Leu_1339_Pro,2,1,-1
8EIQ_Asp_1341_Gly,1,0,-1
8EIQ_Gly_1343_Ser,0,11,11
8EIQ_Gly_1343_Ala,0,0,0
8EIQ_Gly_1343_Asp,0,0,0
8EIQ_Cys_1344_Ser,1,0,-1
8EIQ_Leu_1346_Gln,4,7,3
8EIQ_Ser_1347_Asn,5,19,14
8EIQ_Gly_1349_Ser,0,7,7
8EIQ_Lys_1351_Asn,3,5,2
8EIQ_Gln_1352_His,0,7,7
8EIQ_Gln_1352_Glu,0,0,0
8EIQ_Met_1354_Thr,4,1,-3
8EIQ_Met_1354_Ile,0,0,0
8EIQ_Cys_1355_Gly,2,0,-2
8EIQ_Cys_1355_Phe,0,0,0
8EIQ_Arg_1358_Gly,1,0,-1
8EIQ_Ser_1359_Cys,0,2,2
8EIQ_Leu_1361_Val,2,6,4
8EIQ_Ser_1362_Asn,0,0,0
8EIQ_Ser_1362_Thr,0,0,0
8EIQ_Lys_1363_Arg,0,1,1
8EIQ_Ala_1364_Val,0,1,1
8EIQ_Ile_1366_Phe,5,10,5
8EIQ_Ile_1366_Thr,0,0,0
8EIQ_Ile_1366_Asn,0,0,0
8EIQ_Leu_1369_Phe,3,18,15
8EIQ_Asp_1370_Gly,3,0,-3
8EIQ_Asp_1370_His,0,0,0
8EIQ_Pro_1372_Leu,2,15,13
8EIQ_His_1375_Asn,9,6,-3
8EIQ_His_1375_Arg,0,0,0
8EIQ_Asp_1377_Asn,5,1,-4
8EIQ_Asp_1377_His,0,0,0
8EIQ_Pro_1378_Leu,0,2,2
8EIQ_Val_1379_Leu,1,1,0
8EIQ_Thr_1380_Ile,4,19,15
8EIQ_Tyr_1381_His,2,17,15
8EIQ_Tyr_1381_Ser,0,0,0
8EIQ_Tyr_1381_Cys,0,0,0
8EIQ_Gln_1382_Lys,0,0,0
8EIQ_Gln_1382_His,0,0,0
8EIQ_Arg_1385_Gly,1,0,-1
8EIQ_Arg_1386_Gly,1,0,-1
8EIQ_Phe_1392_Leu,9,8,-1
8EIQ_Asp_1394_Gly,0,0,0
8EIQ_Asp_1394_His,0,0,0
8EIQ_Cys_1395_Phe,2,8,6
8EIQ_Thr_1396_Pro,1,4,3
8EIQ_Thr_1396_Arg,0,0,0
8EIQ_Ile_1398_Ser,2,0,-2
8EIQ_Arg_1403_Lys,3,0,-3
8EIQ_Arg_1403_Gly,0,0,0
8EIQ_Glu_1409_Lys,0,14,14
8EIQ_Cys_1410_Trp,2,21,19
8EIQ_Cys_1410_Ser,0,0,0
8EIQ_Gln_1411_Pro,1,5,4
8EIQ_Phe_1413_Leu,5,4,-1
8EIQ_Val_1415_Gly,4,0,-4
8EIQ_Val_1415_Asp,0,0,0
8EIQ_Asn_1419_Lys,0,0,0
8EIQ_Val_1421_Leu,6,14,8
8EIQ_Val_1421_Met,0,0,0
8EIQ_Arg_1422_Trp,3,6,3
8EIQ_Arg_1422_Gln,0,0,0
8EIQ_Arg_1422_Pro,0,0,0
8EIQ_Ser_1426_Phe,1,15,14
8EIQ_Ser_1426_Pro,0,0,0
8EIQ_Ser_1426_Tyr,0,0,0
8EIQ_Leu_1431_Arg,6,22,16
8EIQ_Asn_1432_Lys,0,0,0
8EIQ_Glu_1433_Lys,1,5,4
8EIQ_Leu_1436_Phe,0,11,11
8EIQ_Arg_1438_Trp,1,31,30
8EIQ_Ala_1440_Thr,2,6,4
8EIQ_Ile_1441_Thr,5,1,-4
8EIQ_Ile_1441_Val,0,0,0
8EIQ_Ser_1442_Arg,2,9,7
8EIQ_Pro_1443_Ser,3,0,-3
8EIQ_Pro_1443_Ala,0,0,0
8EIQ_Ser_1444_Phe,0,2,2
8EIQ_Asp_1445_Asn,1,1,0
8EIQ_Phe_1450_Ile,2,0,-2
8EIQ_Arg_1453_Trp,0,0,0
8EIQ_Arg_1453_Gln,0,0,0
8EIQ_Ser_1455_Ala,0,0,0
8EIQ_Lys_1457_Asn,0,0,0
8EIQ_Lys_1461_Glu,0,0,0
8EIQ_Ile_1464_Thr,0,0,0
8EIQ_Ala_1466_Ser,0,0,0
8EIQ_Val_1475_Met,0,0,0
8EIQ_Val_1475_Leu,0,0,0
8EIQ_Thr_1478_Arg,0,0,0
8EIQ_Thr_1478_Ile,0,0,0
8EIQ_Arg_1479_Lys,0,0,0
8EIQ_Leu_1480_Pro,0,0,0
8EIQ_Ter_1481_Tyr,0,0,0
8EIO_Met_1_?,0,0,0
8EIO_Arg_3_Met,0,0,0
8EIO_Ser_4_Leu,2,11,9
8EIO_Ser_4_Ala,0,0,0
8EIO_Pro_5_Leu,11,9,-2
8EIO_Leu_6_Arg,5,45,40
8EIO_Glu_7_Gln,1,9,8
8EIO_Ala_9_Val,3,10,7
8EIO_Ser_10_Arg,2,0,-2
8EIO_Ser_10_Asn,0,0,0
8EIO_Val_11_Ile,0,0,0
8EIO_Val_11_Leu,0,0,0
8EIO_Val_11_Ala,0,0,0
8EIO_Val_12_Ala,2,0,-2
8EIO_Lys_14_Ile,4,1,-3
8EIO_Lys_14_Arg,0,0,0
8EIO_Lys_14_Glu,0,0,0
8EIO_Leu_15_Phe,6,22,16
8EIO_Leu_15_Val,0,0,0
8EIO_Phe_17_Leu,7,3,-4
8EIO_Ser_18_Gly,1,0,-1
8EIO_Thr_20_Ser,5,2,-3
8EIO_Arg_21_Ile,13,25,12
8EIO_Leu_24_Val,5,3,-2
8EIO_Lys_26_Glu,5,1,-4
8EIO_Tyr_28_His,6,8,2
8EIO_Arg_29_Thr,3,4,1
8EIO_Arg_31_Cys,1,1,0
8EIO_Arg_31_His,0,0,0
8EIO_Arg_31_Leu,0,0,0
8EIO_Leu_32_Met,8,7,-1
8EIO_Leu_32_Pro,0,0,0
8EIO_Ser_35_Leu,0,2,2
8EIO_Ile_37_Val,2,0,-2
8EIO_Tyr_38_His,5,4,-1
8EIO_Tyr_38_Asn,0,0,0
8EIO_Tyr_38_Cys,0,0,0
8EIO_Gln_39_His,3,11,8
8EIO_Ser_42_Phe,0,5,5
8EIO_Val_43_Ile,2,1,-1
8EIO_Val_43_Ala,0,0,0
8EIO_Val_43_Leu,0,0,0
8EIO_Asp_44_Val,7,8,1
8EIO_Ala_46_Val,4,16,12
8EIO_Asn_48_Lys,1,6,5
8EIO_Leu_49_Pro,4,0,-4
8EIO_Lys_52_Ile,0,3,3
8EIO_Glu_54_Gly,2,0,-2
8EIO_Glu_56_Lys,6,8,2
8EIO_Trp_57_Arg,4,29,25
8EIO_Asp_58_His,0,8,8
8EIO_Asp_58_Gly,0,0,0
8EIO_Asp_58_Val,0,0,0
8EIO_Glu_60_Asp,4,4,0
8EIO_Lys_64_Glu,1,8,7
8EIO_Lys_65_Arg,1,1,0
8EIO_Pro_67_Leu,3,25,22
8EIO_Lys_68_Glu,4,16,12
8EIO_Lys_68_Asn,0,0,0
8EIO_Ala_72_Thr,0,5,5
8EIO_Leu_73_Phe,5,36,31
8EIO_Arg_74_Trp,5,17,12
8EIO_Arg_74_Gln,0,0,0
8EIO_Arg_75_Gln,5,0,-5
8EIO_Arg_75_Leu,0,0,0
8EIO_Cys_76_Trp,3,36,33
8EIO_Cys_76_Arg,0,0,0
8EIO_Phe_78_Tyr,0,3,3
8EIO_Phe_78_Leu,0,0,0
8EIO_Trp_79_Arg,0,0,0
8EIO_Phe_81_Leu,14,10,-4
8EIO_Phe_83_Leu,5,0,-5
8EIO_Tyr_84_His,4,2,-2
8EIO_Tyr_84_Cys,0,0,0
8EIO_Gly_85_Glu,0,38,38
8EIO_Ile_86_Val,1,0,-1
8EIO_Phe_87_Ser,4,1,-3
8EIO_Leu_88_Phe,5,17,12
8EIO_Leu_88_Ser,0,0,0
8EIO_Tyr_89_Cys,8,7,-1
8EIO_Gly_91_Arg,0,29,29
8EIO_Thr_94_Ile,4,7,3
8EIO_Thr_94_Pro,0,0,0
8EIO_Val_97_Ala,0,0,0
8EIO_Gln_98_Arg,3,28,25
8EIO_Pro_99_Leu,6,10,4
8EIO_Leu_102_Arg,1,36,35
8EIO_Arg_104_Gly,2,0,-2
8EIO_Ile_105_Val,2,1,-1
8EIO_Tyr_109_Asn,4,2,-2
8EIO_Asp_110_His,6,17,11
8EIO_Asp_110_Glu,0,0,0
8EIO_Asp_110_Tyr,0,0,0
8EIO_Pro_111_Leu,2,6,4
8EIO_Asp_112_Gly,2,0,-2
8EIO_Asp_112_Asn,0,0,0
8EIO_Glu_116_Gln,4,11,7
8EIO_Glu_116_Gly,0,0,0
8EIO_Glu_116_Ala,0,0,0
8EIO_Arg_117_His,3,2,-1
8EIO_Arg_117_Cys,0,0,0
8EIO_Arg_117_Gly,0,0,0
8EIO_Arg_117_Leu,0,0,0
8EIO_Arg_117_Ser,0,0,0
8EIO_Ser_118_Phe,0,1,1
8EIO_Ser_118_Cys,0,0,0
8EIO_Ile_119_Val,1,1,0
8EIO_Ala_120_Thr,1,8,7
8EIO_Ala_120_Ser,0,0,0
8EIO_Ile_121_Phe,6,6,0
8EIO_Tyr_122_Cys,2,0,-2
8EIO_Ile_125_Thr,4,0,-4
8EIO_Gly_126_Asp,0,0,0
8EIO_Gly_126_Ser,0,0,0
8EIO_Gly_126_Val,0,0,0
8EIO_Leu_130_Val,4,3,-1
8EIO_Phe_131_Leu,7,4,-3
8EIO_Ile_132_Val,5,0,-5
8EIO_Ile_132_Thr,0,0,0
8EIO_Gly_134_Ala,7,1,-6
8EIO_Thr_135_Ser,1,0,-1
8EIO_Leu_138_Pro,2,1,-1
8EIO_Ser_138_Asn,0,0,0
8EIO_His_139_Pro,7,5,-2
8EIO_His_139_Tyr,0,0,0
8EIO_Pro_140_Ser,1,1,0
8EIO_Pro_140_Arg,0,0,0
8EIO_Ala_141_Thr,0,3,3
8EIO_Met_142_Thr,5,3,-2
8EIO_Glu_144_Lys,0,24,24
8EIO_Glu_144_Asp,0,0,0
8EIO_His_147_Gln,5,10,5
8EIO_His_147_Asn,0,0,0
8EIO_Ile_148_Thr,8,4,-4
8EIO_Gly_149_Glu,0,19,19
8EIO_Met_150_Ile,5,6,1
8EIO_Gln_151_Lys,5,14,9
8EIO_Gln_151_Arg,0,0,0
8EIO_Gln_151_Pro,0,0,0
8EIO_Met_152_Leu,10,13,3
8EIO_Gly_152_Arg,0,0,0
8EIO_Met_152_Ile,0,0,0
8EIO_Arg_153_Lys,10,24,14
8EIO_Ile_154_Thr,8,3,-5
8EIO_Tyr_155_Asn,2,11,9
8EIO_Met_156_Val,3,4,1
8EIO_Ser_158_Asn,3,11,8
8EIO_Ser_158_Thr,0,0,0
8EIO_Ser_158_Cys,0,0,0
8EIO_Leu_159_Ser,4,0,-4
8EIO_Ile_160_Val,6,2,-4
8EIO_Tyr_161_Cys,13,8,-5
8EIO_Thr_164_Ala,2,0,-2
8EIO_Arg_170_His,2,0,-2
8EIO_Arg_170_Cys,0,0,0
8EIO_Arg_170_Ser,0,0,0
8EIO_Val_171_Ile,2,7,5
8EIO_Leu_172_Ile,3,2,-1
8EIO_Ser_176_Thr,1,1,0
8EIO_Ser_176_Asn,0,0,0
8EIO_Ser_176_Arg,0,0,0
8EIO_Ile_177_Phe,4,12,8
8EIO_Ile_177_Thr,0,0,0
8EIO_Ile_177_Met,0,0,0
8EIO_Ile_177_Val,0,0,0
8EIO_Gly_178_Arg,0,24,24
8EIO_Gly_178_Glu,0,0,0
8EIO_Gln_179_Lys,1,2,1
8EIO_Leu_180_Val,3,4,1
8EIO_Leu_183_Ile,4,0,-4
8EIO_Arg_183_Lys,0,0,0
8EIO_Glu_185_Val,0,8,8
8EIO_His_186_Gln,0,0,0
8EIO_Asn_187_Lys,3,4,1
8EIO_Cys_187_Ser,0,0,0
8EIO_Cys_187_Gly,0,0,0
8EIO_Leu_188_Phe,6,14,8
8EIO_Leu_188_Pro,0,0,0
8EIO_Cys_190_Ser,1,0,-1
8EIO_Phe_191_Val,3,4,1
8EIO_Glu_193_Gly,0,0,0
8EIO_Glu_193_Lys,0,0,0
8EIO_Gly_194_Val,0,8,8
8EIO_Ala_196_Val,2,11,9
8EIO_Ala_198_Val,4,20,16
8EIO_Ala_198_Pro,0,0,0
8EIO_His_199_Arg,17,18,1
8EIO_Phe_200_Leu,8,6,-2
8EIO_Phe_200_Ile,0,0,0
8EIO_Val_201_Met,1,9,8
8EIO_Ala_204_Thr,1,4,3
8EIO_Ala_204_Ser,0,0,0
8EIO_Pro_205_Ser,0,0,0
8EIO_Pro_205_Leu,0,0,0
8EIO_Leu_206_Trp,2,3,1
8EIO_Gln_207_His,2,7,5
8EIO_Val_208_Ala,1,0,-1
8EIO_Ala_209_Ser,0,0,0
8EIO_Leu_210_Phe,2,7,5
8EIO_Met_212_Val,2,1,-1
8EIO_Gly_213_Glu,0,43,43
8EIO_Leu_214_Val,5,7,2
8EIO_Trp_216_Arg,5,5,0
8EIO_Glu_217_Gly,0,0,0
8EIO_Glu_217_Lys,0,0,0
8EIO_Gln_220_Pro,4,1,-3
8EIO_Ala_221_Val,0,0,0
8EIO_Phe_224_Leu,1,1,0
8EIO_Cys_225_Tyr,0,1,1
8EIO_Gly_226_Glu,0,11,11
8EIO_Gly_226_Val,0,0,0
8EIO_Phe_229_Tyr,4,4,0
8EIO_Val_232_Asp,0,0,0
8EIO_Leu_233_Val,3,4,1
8EIO_Ala_234_Ser,0,1,1
8EIO_Phe_236_Ser,4,0,-4
8EIO_Gln_237_Glu,1,4,3
8EIO_Gly_239_Arg,0,0,0
8EIO_Gly_241_Arg,0,13,13
8EIO_Arg_242_Lys,0,0,0
8EIO_Met_243_Thr,2,5,3
8EIO_Met_243_Val,0,0,0
8EIO_Met_244_Val,7,3,-4
8EIO_Met_244_Ile,0,0,0
8EIO_Arg_248_Thr,2,0,-2
8EIO_Arg_248_Lys,0,0,0
8EIO_Ala_252_Pro,0,0,0
8EIO_Ala_252_Ser,0,0,0
8EIO_Gly_253_Glu,0,0,0
8EIO_Gly_253_Arg,0,0,0
8EIO_Ile_255_Asn,2,3,1
8EIO_Ile_255_Val,0,0,0
8EIO_Ser_256_Gly,0,0,0
8EIO_Ser_256_Asn,0,0,0
8EIO_Glu_257_Ala,0,0,0
8EIO_Arg_258_Gly,3,0,-3
8EIO_Arg_258_Ile,0,0,0
8EIO_Leu_259_Phe,2,23,21
8EIO_Leu_259_Val,0,0,0
8EIO_Val_260_Gly,1,0,-1
8EIO_Val_260_Met,0,0,0
8EIO_Val_260_Ala,0,0,0
8EIO_Met_265_Arg,7,32,25
8EIO_Ile_269_Thr,5,2,-3
8EIO_Val_272_Ala,2,0,-2
8EIO_Lys_273_Gln,7,5,-2
8EIO_Lys_273_Met,0,0,0
8EIO_Cys_276_Phe,1,11,10
8EIO_Glu_279_Asp,1,2,1
8EIO_Ala_280_Ser,4,10,6
8EIO_Met_281_Thr,7,6,-1
8EIO_Met_281_Val,0,0,0
8EIO_Glu_282_Asp,3,4,1
8EIO_Lys_283_Arg,0,6,6
8EIO_Ile_285_Phe,5,19,14
8EIO_Ile_285_Thr,0,0,0
8EIO_Asn_287_Lys,0,2,2
8EIO_Asn_287_Ser,0,0,0
8EIO_Asn_287_Tyr,0,0,0
8EIO_Gln_290_Arg,0,8,8
8EIO_Thr_291_Arg,3,1,-2
8EIO_Thr_291_Ile,0,0,0
8EIO_Thr_291_Ala,0,0,0
8EIO_Leu_293_Met,3,1,-2
8EIO_Arg_297_Gln,6,3,-3
8EIO_Arg_297_Trp,0,0,0
8EIO_Ala_299_Thr,0,4,4
8EIO_Ala_300_Gly,2,0,-2
8EIO_Tyr_301_Cys,2,0,-2
8EIO_Phe_305_Val,3,5,2
8EIO_Asn_306_Ser,3,2,-1
8EIO_Ala_309_Gly,1,0,-1
8EIO_Ala_309_Thr,0,0,0
8EIO_Phe_310_Leu,7,8,1
8EIO_Gly_314_Glu,0,33,33
8EIO_Phe_315_Ser,3,4,1
8EIO_Phe_316_Leu,1,4,3
8EIO_Val_317_Gly,5,0,-5
8EIO_Leu_320_Val,2,2,0
8EIO_Leu_320_Phe,0,0,0
8EIO_Ser_321_Pro,0,0,0
8EIO_Val_322_Met,2,10,8
8EIO_Tyr_325_Cys,12,7,-5
8EIO_Leu_327_Arg,1,13,12
8EIO_Ile_331_Asn,8,10,2
8EIO_Leu_333_Phe,7,12,5
8EIO_Arg_334_Gln,8,10,2
8EIO_Arg_334_Trp,0,0,0
8EIO_Arg_334_Leu,0,0,0
8EIO_Ile_336_Lys,4,3,-1
8EIO_Ile_336_Thr,0,0,0
8EIO_Phe_337_Val,5,4,-1
8EIO_Thr_338_Ile,2,5,3
8EIO_Thr_338_Ala,0,0,0
8EIO_Ile_340_Val,3,2,-1
8EIO_Cys_343_Phe,3,13,10
8EIO_Ile_344_Val,1,1,0
8EIO_Arg_347_His,6,14,8
8EIO_Arg_347_Pro,0,0,0
8EIO_Arg_347_Cys,0,0,0
8EIO_Arg_347_Ser,0,0,0
8EIO_Met_348_Lys,5,3,-2
8EIO_Met_348_Val,0,0,0
8EIO_Ala_349_Val,0,4,4
8EIO_Thr_351_Ser,3,2,-1
8EIO_Thr_351_Ile,0,0,0
8EIO_Arg_352_Trp,6,33,27
8EIO_Arg_352_Gln,0,0,0
8EIO_Gln_353_His,4,34,30
8EIO_Pro_355_Leu,2,7,5
8EIO_Thr_360_Ile,1,5,4
8EIO_Trp_361_Arg,6,16,10
8EIO_Asn_369_Ser,0,0,0
8EIO_Lys_370_Glu,1,0,-1
8EIO_Ile_371_Met,9,12,3
8EIO_Ile_371_Thr,0,0,0
8EIO_Asp_373_Asn,0,0,0
8EIO_Asp_373_Tyr,0,0,0
8EIO_Asp_373_Val,0,0,0
8EIO_Leu_375_Phe,1,7,6
8EIO_Gln_378_Arg,4,4,0
8EIO_Glu_379_Asp,3,5,2
8EIO_Tyr_380_Cys,4,0,-4
8EIO_Thr_382_Pro,1,2,1
8EIO_Glu_384_Asp,0,0,0
8EIO_Leu_387_Ser,0,0,0
8EIO_Thr_388_Met,0,6,6
8EIO_Thr_389_Ser,0,3,3
8EIO_Thr_390_Ile,0,4,4
8EIO_Thr_390_Ala,0,0,0
8EIO_Met_394_Thr,8,3,-5
8EIO_Asn_396_Tyr,0,2,2
8EIO_Asn_396_Thr,0,0,0
8EIO_Ala_399_Val,0,8,8
8EIO_Ala_399_Gly,0,0,0
8EIO_Phe_400_Ser,3,0,-3
8EIO_Trp_401_Cys,17,4,-13
8EIO_Trp_401_Leu,0,0,0
8EIO_Gly_404_Arg,0,0,0
8EIO_Gly_404_Val,0,0,0
8EIO_Gly_404_Ala,0,0,0
8EIO_Gly_406_Glu,0,0,0
8EIO_Glu_407_Lys,0,0,0
8EIO_Glu_407_Val,0,0,0
8EIO_Phe_409_Ile,0,0,0
8EIO_Lys_411_Glu,0,0,0
8EIO_Ala_412_Ser,0,0,0
8EIO_Gln_414_Pro,0,0,0
8EIO_Asn_416_Ser,0,0,0
8EIO_Asn_416_Asp,0,0,0
8EIO_Asn_418_Ser,0,0,0
8EIO_Asn_423_Lys,0,0,0
8EIO_Gly_424_Ser,0,0,0
8EIO_Leu_428_Ile,0,0,0
8EIO_Ser_431_Gly,0,0,0
8EIO_Leu_435_Pro,0,0,0
8EIO_Gly_437_Asp,0,0,0
8EIO_Thr_438_Ala,1,0,-1
8EIO_Pro_439_Thr,4,6,2
8EIO_Val_440_Ala,4,0,-4
8EIO_Leu_441_Pro,2,4,2
8EIO_Asp_443_Tyr,0,1,1
8EIO_Asp_443_Glu,0,0,0
8EIO_Ile_444_Thr,3,0,-3
8EIO_Ile_444_Val,0,0,0
8EIO_Lys_447_Arg,4,22,18
8EIO_Ile_448_Thr,6,2,-4
8EIO_Glu_449_Gly,2,0,-2
8EIO_Arg_450_Ile,0,5,5
8EIO_Gly_451_Arg,0,13,13
8EIO_Gln_452_Arg,5,14,9
8EIO_Ala_455_Val,1,5,4
8EIO_Ala_455_Glu,0,0,0
8EIO_Val_456_Ala,4,1,-3
8EIO_Ser_459_Phe,0,10,10
8EIO_Ala_462_Val,1,7,6
8EIO_Thr_465_Asn,6,17,11
8EIO_Ser_466_Leu,1,21,20
8EIO_Leu_467_Phe,3,18,15
8EIO_Leu_467_Pro,0,0,0
8EIO_Met_469_Ile,5,5,0
8EIO_Met_469_Val,0,0,0
8EIO_Val_470_Met,6,13,7
8EIO_Ile_471_Val,2,2,0
8EIO_Glu_474_Gln,7,7,0
8EIO_Pro_477_Ser,1,1,0
8EIO_Pro_477_Thr,0,0,0
8EIO_Glu_479_Asp,0,0,0
8EIO_Glu_479_Gly,0,0,0
8EIO_Gly_480_Cys,0,5,5
8EIO_His_484_Tyr,7,6,-1
8EIO_Ser_485_Cys,1,2,1
8EIO_Ser_485_Thr,0,0,0
8EIO_Arg_487_Lys,3,11,8
8EIO_Phe_490_Cys,6,4,-2
8EIO_Cys_491_Phe,2,16,14
8EIO_Ser_492_Phe,2,29,27
8EIO_Gln_493_Arg,10,40,30
8EIO_Ser_495_Phe,2,22,20
8EIO_Met_498_Thr,6,8,2
8EIO_Pro_499_Ala,2,0,-2
8EIO_Pro_499_Ser,0,0,0
8EIO_Gly_500_Asp,0,18,18
8EIO_Gly_500_Ser,0,0,0
8EIO_Ile_502_Thr,4,2,-2
8EIO_Ile_502_Val,0,0,0
8EIO_Ile_506_Val,2,1,-1
8EIO_Ile_506_Thr,0,0,0
8EIO_Ile_506_Leu,0,0,0
8EIO_Ile_507_Val,6,6,0
8EIO_Phe_508_Cys,0,0,0
8EIO_Phe_508_Val,0,0,0
8EIO_Phe_508_Leu,0,0,0
8EIO_Val_510_Ile,0,1,1
8EIO_Asp_513_Gly,3,0,-3
8EIO_Asp_513_Tyr,0,0,0
8EIO_Tyr_515_His,0,0,0
8EIO_Ser_519_Asn,0,3,3
8EIO_Val_520_Ile,3,10,7
8EIO_Val_520_Phe,0,0,0
8EIO_Ile_521_Leu,4,9,5
8EIO_Ile_521_Phe,0,0,0
8EIO_Cys_524_Arg,2,13,11
8EIO_Glu_527_Gly,5,0,-5
8EIO_Glu_527_Gln,0,0,0
8EIO_Glu_528_Lys,1,0,-1
8EIO_Ile_530_Met,2,3,1
8EIO_Ile_530_Asn,0,0,0
8EIO_Lys_532_Asn,0,0,0
8EIO_Ala_534_Glu,0,0,0
8EIO_Ala_534_Ser,0,0,0
8EIO_Lys_536_Glu,1,0,-1
8EIO_Asn_538_Lys,0,0,0
8EIO_Asn_538_Tyr,0,0,0
8EIO_Ile_539_Thr,7,0,-7
8EIO_Val_540_Ile,0,0,0
8EIO_Val_540_Ala,0,0,0
8EIO_Gly_542_Glu,0,1,1
8EIO_Gly_542_Arg,0,0,0
8EIO_Gly_544_Ser,0,2,2
8EIO_Ile_546_Phe,0,10,10
8EIO_Thr_547_Ile,1,4,3
8EIO_Thr_547_Ala,0,0,0
8EIO_Leu_548_Pro,6,6,0
8EIO_Ser_549_Asn,10,17,7
8EIO_Ser_549_Arg,0,0,0
8EIO_Gly_551_Asp,0,19,19
8EIO_Gly_551_Ser,0,0,0
8EIO_Arg_553_Gln,1,2,1
8EIO_Arg_553_Pro,0,0,0
8EIO_Ile_556_Val,3,2,-1
8EIO_Ser_557_Thr,2,5,3
8EIO_Leu_558_Ser,2,1,-1
8EIO_Ala_559_Thr,3,8,5
8EIO_Ala_559_Ser,0,0,0
8EIO_Arg_560_Thr,1,2,1
8EIO_Arg_560_Ser,0,0,0
8EIO_Ala_561_Glu,1,11,10
8EIO_Ala_561_Ser,0,0,0
8EIO_Val_562_Ile,4,8,4
8EIO_Val_562_Leu,0,0,0
8EIO_Tyr_563_Asn,10,9,-1
8EIO_Lys_564_Arg,5,33,28
8EIO_Lys_564_Glu,0,0,0
8EIO_Asp_565_His,0,2,2
8EIO_Asp_565_Tyr,0,0,0
8EIO_Ala_566_Asp,2,23,21
8EIO_Asp_567_Asn,4,15,11
8EIO_Tyr_569_Asp,8,7,-1
8EIO_Asp_572_Glu,5,15,10
8EIO_Ser_573_Phe,2,22,20
8EIO_Ser_573_Cys,0,0,0
8EIO_Pro_574_His,1,26,25
8EIO_Phe_575_Tyr,9,14,5
8EIO_Phe_575_Ile,0,0,0
8EIO_Gly_576_Ala,0,5,5
8EIO_Gly_576_Val,0,0,0
8EIO_Tyr_577_Cys,3,0,-3
8EIO_Tyr_577_Phe,0,0,0
8EIO_Asp_579_Gly,5,0,-5
8EIO_Thr_582_Ser,4,3,-1
8EIO_Glu_583_Gly,7,0,-7
8EIO_Glu_585_Lys,2,13,11
8EIO_Phe_587_Val,8,5,-3
8EIO_Phe_587_Ile,0,0,0
8EIO_Glu_588_Lys,1,7,6
8EIO_Glu_588_Gly,0,0,0
8EIO_Glu_588_Ala,0,0,0
8EIO_Ser_589_Thr,0,1,1
8EIO_Cys_592_Tyr,1,29,28
8EIO_Met_595_Val,6,3,-3
8EIO_Met_595_Leu,0,0,0
8EIO_Asn_597_Lys,0,0,0
8EIO_Thr_599_Ser,2,3,1
8EIO_Ile_601_Val,5,3,-2
8EIO_Ile_601_Phe,0,0,0
8EIO_Val_603_Ile,4,9,5
8EIO_Ser_605_Pro,0,0,0
8EIO_Leu_610_Ile,3,5,2
8EIO_Leu_610_Phe,0,0,0
8EIO_Asp_614_Gly,3,0,-3
8EIO_Ile_616_Val,5,1,-4
8EIO_Leu_617_Phe,2,41,39
8EIO_Ile_618_Thr,5,2,-3
8EIO_His_620_Arg,3,1,-2
8EIO_His_620_Leu,0,0,0
8EIO_Gly_622_Asp,0,0,0
8EIO_Tyr_625_Asn,2,6,4
8EIO_Phe_626_Leu,5,4,-1
8EIO_Tyr_627_Cys,3,0,-3
8EIO_Gly_628_Arg,0,57,57
8EIO_Thr_629_Ala,4,0,-4
8EIO_Leu_633_Ile,3,14,11
8EIO_Asn_635_Thr,0,1,1
8EIO_Leu_636_Pro,0,1,1
8EIO_Pro_638_Ser,0,0,0
8EIO_Ser_641_Gly,0,0,0
8EIO_Met_645_Thr,0,0,0
8EIO_Met_645_Lys,0,0,0
8EIO_Asp_648_Asn,0,0,0
8EIO_Phe_650_Leu,0,0,0
8EIO_Asp_651_Asn,0,0,0
8EIO_Gln_652_Glu,0,0,0
8EIO_Gln_652_Lys,0,0,0
8EIO_Phe_653_Val,0,0,0
8EIO_Ser_654_Gly,0,0,0
8EIO_Glu_656_Gln,0,0,0
8EIO_Ile_661_Met,0,0,0
8EIO_Ile_661_Val,0,0,0
8EIO_Ile_661_Thr,0,0,0
8EIO_His_667_Tyr,0,0,0
8EIO_Arg_668_Cys,0,0,0
8EIO_Arg_668_His,0,0,0
8EIO_Glu_672_Lys,0,0,0
8EIO_Asp_674_Gly,0,0,0
8EIO_Asp_674_Val,0,0,0
8EIO_Ala_675_Val,0,0,0
8EIO_Pro_676_Ala,0,0,0
8EIO_Pro_676_Ser,0,0,0
8EIO_Glu_681_Val,0,0,0
8EIO_Lys_684_Thr,0,0,0
8EIO_Ser_686_Tyr,0,0,0
8EIO_Ser_686_Thr,0,0,0
8EIO_Lys_688_Gln,0,0,0
8EIO_Thr_690_Ala,0,0,0
8EIO_Gly_691_Arg,0,0,0
8EIO_Phe_693_Leu,0,0,0
8EIO_Glu_695_Gly,0,0,0
8EIO_Asn_699_Lys,0,0,0
8EIO_Asn_703_Ile,0,0,0
8EIO_Pro_704_Leu,0,0,0
8EIO_Pro_704_Arg,0,0,0
8EIO_Ile_705_Val,0,0,0
8EIO_Ser_707_Cys,0,0,0
8EIO_Ile_708_Thr,0,0,0
8EIO_Arg_709_Gln,0,0,0
8EIO_Val_714_Leu,0,0,0
8EIO_Gln_715_His,0,0,0
8EIO_Pro_718_Arg,0,0,0
8EIO_Gln_720_Arg,0,0,0
8EIO_Gly_723_Val,0,0,0
8EIO_Glu_725_Lys,0,0,0
8EIO_Asp_727_Ala,0,0,0
8EIO_Pro_731_Leu,0,0,0
8EIO_Ser_737_Phe,0,0,0
8EIO_Ser_737_Thr,0,0,0
8EIO_Pro_740_Leu,0,0,0
8EIO_Gln_744_Pro,0,0,0
8EIO_Ala_747_Val,0,0,0
8EIO_Pro_750_Leu,0,0,0
8EIO_Arg_751_Cys,0,0,0
8EIO_Arg_751_His,0,0,0
8EIO_Arg_751_Leu,0,0,0
8EIO_Ile_752_Ser,0,0,0
8EIO_Ser_753_Gly,0,0,0
8EIO_Ser_753_Asn,0,0,0
8EIO_Val_754_Met,0,0,0
8EIO_Ile_755_Phe,0,0,0
8EIO_Ser_756_Cys,0,0,0
8EIO_Thr_757_Ser,0,0,0
8EIO_Thr_760_Met,0,0,0
8EIO_Thr_760_Arg,0,0,0
8EIO_Arg_764_Gln,0,0,0
8EIO_Arg_765_Lys,0,0,0
8EIO_Arg_766_Lys,0,0,0
8EIO_Gln_767_His,0,0,0
8EIO_Ser_768_Phe,0,0,0
8EIO_Val_769_Ile,0,0,0
8EIO_His_775_Tyr,0,0,0
8EIO_His_775_Arg,0,0,0
8EIO_Ser_776_Leu,0,0,0
8EIO_Gln_781_His,0,0,0
8EIO_Ile_783_Val,0,0,0
8EIO_Arg_785_Gln,0,0,0
8EIO_Arg_785_Pro,0,0,0
8EIO_Lys_786_Asn,0,0,0
8EIO_Arg_792_Gly,0,0,0
8EIO_Arg_792_Gln,0,0,0
8EIO_Val_794_Leu,0,0,0
8EIO_Leu_796_Pro,0,0,0
8EIO_Pro_798_Ser,0,0,0
8EIO_Gln_799_Lys,0,0,0
8EIO_Ala_800_Ser,0,0,0
8EIO_Ala_800_Val,0,0,0
8EIO_Asn_801_Tyr,0,0,0
8EIO_Leu_802_Phe,0,0,0
8EIO_Asp_806_Gly,0,0,0
8EIO_Ile_807_Met,0,0,0
8EIO_Arg_810_Gly,0,0,0
8EIO_Arg_811_Ser,0,0,0
8EIO_Gly_817_Val,0,0,0
8EIO_Ser_821_Asn,0,0,0
8EIO_Glu_823_Asp,0,0,0
8EIO_Glu_826_Lys,0,0,0
8EIO_Glu_826_Asp,0,0,0
8EIO_Asp_828_Asn,0,0,0
8EIO_Asp_828_Glu,0,0,0
8EIO_Cys_832_Tyr,0,0,0
8EIO_Cys_832_Gly,0,0,0
8EIO_Phe_834_Leu,0,0,0
8EIO_Asp_836_Tyr,0,0,0
8EIO_Met_837_Thr,0,0,0
8EIO_Asn_847_Ser,3,3,0
8EIO_Tyr_849_Cys,5,0,-5
8EIO_Arg_851_Gln,4,3,-1
8EIO_Ile_853_Val,0,0,0
8EIO_Ile_853_Phe,0,0,0
8EIO_Thr_854_Ile,1,1,0
8EIO_Val_855_Ile,1,6,5
8EIO_Lys_857_Asn,0,0,0
8EIO_Leu_859_Phe,1,15,14
8EIO_Val_862_Leu,0,5,5
8EIO_Cys_866_Tyr,3,37,34
8EIO_Glu_873_Val,2,2,0
8EIO_Val_874_Leu,3,8,5
8EIO_Ala_876_Val,0,0,0
8EIO_Ser_877_Ala,2,2,0
8EIO_Thr_887_Pro,0,0,0
8EIO_Thr_887_Asn,0,0,0
8EIO_Pro_888_His,0,0,0
8EIO_Leu_889_Phe,0,0,0
8EIO_Leu_889_Val,0,0,0
8EIO_Gln_890_Arg,0,0,0
8EIO_Asp_891_Gly,0,0,0
8EIO_Asp_891_Asn,0,0,0
8EIO_Asn_894_Lys,0,0,0
8EIO_Asn_894_Ser,0,0,0
8EIO_Ser_895_Asn,0,0,0
8EIO_Ser_895_Thr,0,0,0
8EIO_Thr_896_Ile,0,0,0
8EIO_His_897_Tyr,0,0,0
8EIO_Ser_898_Arg,0,0,0
8EIO_Asn_901_Ile,0,0,0
8EIO_Tyr_903_Cys,0,0,0
8EIO_Val_905_Leu,1,5,4
8EIO_Ile_907_Ser,3,0,-3
8EIO_Ile_907_Val,0,0,0
8EIO_Thr_908_Asn,1,0,-1
8EIO_Thr_910_Ser,2,2,0
8EIO_Ser_911_Asn,2,10,8
8EIO_Ser_912_Leu,0,3,3
8EIO_Tyr_913_Cys,7,4,-3
8EIO_Val_915_Leu,1,1,0
8EIO_Ile_918_Val,2,1,-1
8EIO_Tyr_919_Cys,6,1,-5
8EIO_Val_920_Met,1,9,8
8EIO_Val_920_Leu,0,0,0
8EIO_Gly_921_Arg,0,41,41
8EIO_Val_922_Gly,1,0,-1
8EIO_Asp_924_Asn,1,7,6
8EIO_Thr_925_Asn,2,2,0
8EIO_Leu_926_Phe,1,3,2
8EIO_Leu_926_Ser,0,0,0
8EIO_Gly_934_Ser,0,15,15
8EIO_Pro_936_Thr,0,0,0
8EIO_Pro_936_Leu,0,0,0
8EIO_Val_938_Leu,1,5,4
8EIO_Val_938_Gly,0,0,0
8EIO_Val_938_Met,0,0,0
8EIO_His_939_Asp,5,10,5
8EIO_His_939_Gln,0,0,0
8EIO_Val_944_Ala,5,0,-5
8EIO_Ser_945_Leu,4,11,7
8EIO_Lys_946_Glu,3,16,13
8EIO_Lys_946_Gln,0,0,0
8EIO_Leu_948_Phe,4,23,19
8EIO_His_949_Leu,5,17,12
8EIO_His_949_Tyr,0,0,0
8EIO_His_950_Arg,0,5,5
8EIO_Lys_951_Glu,2,3,1
8EIO_Lys_951_Thr,0,0,0
8EIO_Met_952_Thr,6,6,0
8EIO_Met_952_Ile,0,0,0
8EIO_His_954_Tyr,2,8,6
8EIO_Ala_959_Val,3,9,6
8EIO_Ala_959_Thr,0,0,0
8EIO_Pro_960_Ser,2,1,-1
8EIO_Pro_960_Leu,0,0,0
8EIO_Met_961_Thr,5,1,-4
8EIO_Met_961_Ile,0,0,0
8EIO_Met_961_Val,0,0,0
8EIO_Leu_964_Phe,5,7,2
8EIO_Asn_965_Lys,0,5,5
8EIO_Leu_967_Ser,3,3,0
8EIO_Gly_970_Asp,0,13,13
8EIO_Phe_976_Ser,1,0,-1
8EIO_Phe_976_Leu,0,0,0
8EIO_Ser_977_Phe,1,18,17
8EIO_Ser_977_Ala,0,0,0
8EIO_Ser_977_Cys,0,0,0
8EIO_Ser_977_Pro,0,0,0
8EIO_Lys_978_Arg,3,32,29
8EIO_Asp_979_Ala,4,0,-4
8EIO_Asp_979_Gly,0,0,0
8EIO_Ile_980_Lys,3,21,18
8EIO_Ile_982_Val,2,1,-1
8EIO_Asp_984_Asn,2,4,2
8EIO_Asp_985_Asn,0,1,1
8EIO_Asp_985_Glu,0,0,0
8EIO_Leu_986_Pro,2,5,3
8EIO_Thr_990_Asn,5,5,0
8EIO_Thr_990_Ser,0,0,0
8EIO_Ile_991_Val,6,4,-2
8EIO_Ile_991_Met,0,0,0
8EIO_Phe_992_Leu,3,8,5
8EIO_Asp_993_Gly,1,0,-1
8EIO_Phe_994_Leu,3,11,8
8EIO_Phe_994_Cys,0,0,0
8EIO_Ile_995_Asn,1,1,0
8EIO_Ile_995_Leu,0,0,0
8EIO_Leu_997_Phe,5,15,10
8EIO_Val_1001_Leu,4,8,4
8EIO_Ile_1002_Phe,1,3,2
8EIO_Gly_1003_Glu,0,37,37
8EIO_Ala_1004_Gly,0,0,0
8EIO_Ile_1005_Arg,3,20,17
8EIO_Ala_1006_Thr,0,1,1
8EIO_Ala_1006_Glu,0,0,0
8EIO_Val_1008_Asp,2,1,-1
8EIO_Ala_1009_Thr,1,5,4
8EIO_Ala_1009_Val,0,0,0
8EIO_Pro_1013_His,0,0,0
8EIO_Pro_1013_Leu,0,0,0
8EIO_Pro_1013_Arg,0,0,0
8EIO_Tyr_1014_Cys,2,2,0
8EIO_Phe_1016_Ser,2,2,0
8EIO_Ala_1018_Thr,2,5,3
8EIO_Pro_1021_Thr,1,2,1
8EIO_Pro_1021_Ser,0,0,0
8EIO_Val_1022_Met,7,18,11
8EIO_Ile_1023_Val,6,4,-2
8EIO_Ile_1023_Arg,0,0,0
8EIO_Ala_1025_Ser,0,0,0
8EIO_Ala_1025_Val,0,0,0
8EIO_Ile_1027_Thr,1,0,-1
8EIO_Met_1028_Val,1,1,0
8EIO_Met_1028_Arg,0,0,0
8EIO_Met_1028_Ile,0,0,0
8EIO_Leu_1029_Met,6,7,1
8EIO_Ala_1031_Val,0,0,0
8EIO_Tyr_1032_Cys,4,0,-4
8EIO_Thr_1036_Asn,1,2,1
8EIO_Gln_1039_Arg,6,11,5
8EIO_Lys_1041_Gln,5,17,12
8EIO_Glu_1044_Gln,8,12,4
8EIO_Gly_1047_Val,0,11,11
8EIO_Ser_1049_Asn,0,7,7
8EIO_Pro_1050_Ala,1,0,-1
8EIO_Ile_1051_Val,4,3,-1
8EIO_Ile_1051_Phe,0,0,0
8EIO_Phe_1052_Val,1,2,1
8EIO_Phe_1052_Leu,0,0,0
8EIO_Thr_1053_Ile,0,4,4
8EIO_His_1054_Gln,10,2,-8
8EIO_His_1054_Tyr,0,0,0
8EIO_Thr_1057_Ala,4,3,-1
8EIO_Gly_1061_Arg,0,62,62
8EIO_Leu_1065_Phe,7,23,16
8EIO_Arg_1066_His,8,8,0
8EIO_Arg_1066_Cys,0,0,0
8EIO_Ala_1067_Val,0,5,5
8EIO_Ala_1067_Thr,0,0,0
8EIO_Gly_1069_Arg,0,0,0
8EIO_Arg_1070_Gln,4,1,-3
8EIO_Arg_1070_Trp,0,0,0
8EIO_Gln_1071_Arg,2,8,6
8EIO_Phe_1074_Leu,8,6,-2
8EIO_Leu_1077_Pro,4,4,0
8EIO_Lys_1080_Arg,1,3,2
8EIO_Lys_1080_Gln,0,0,0
8EIO_Lys_1080_Glu,0,0,0
8EIO_Ala_1081_Gly,1,0,-1
8EIO_His_1085_Pro,6,3,-3
8EIO_Thr_1086_Ser,4,1,-3
8EIO_Thr_1086_Ala,0,0,0
8EIO_Trp_1089_Cys,13,10,-3
8EIO_Phe_1090_Leu,6,10,4
8EIO_Leu_1091_Phe,3,20,17
8EIO_Tyr_1092_His,5,5,0
8EIO_Tyr_1092_Cys,0,0,0
8EIO_Arg_1097_Cys,12,2,-10
8EIO_Arg_1097_His,0,0,0
8EIO_Arg_1097_Pro,0,0,0
8EIO_Trp_1098_Cys,14,4,-10
8EIO_Phe_1099_Leu,9,12,3
8EIO_Gln_1100_Pro,3,0,-3
8EIO_Met_1101_Lys,4,29,25
8EIO_Met_1101_Ile,0,0,0
8EIO_Arg_1102_Lys,14,36,22
8EIO_Ile_1106_Thr,3,0,-3
8EIO_Val_1108_Leu,6,16,10
8EIO_Ile_1109_Val,6,5,-1
8EIO_Phe_1111_Leu,9,18,9
8EIO_Val_1114_Leu,3,9,6
8EIO_Phe_1116_Ser,5,0,-5
8EIO_Ile_1117_Thr,2,1,-1
8EIO_Ser_1118_Phe,1,35,34
8EIO_Ser_1118_Cys,0,0,0
8EIO_Gly_1130_Ala,0,8,8
8EIO_Gly_1130_Val,0,0,0
8EIO_Gly_1130_Ser,0,0,0
8EIO_Ile_1131_Val,5,3,-2
8EIO_Ala_1136_Thr,1,4,3
8EIO_Met_1137_Val,10,9,-1
8EIO_Met_1137_Thr,0,0,0
8EIO_Ile_1139_Val,4,2,-2
8EIO_Met_1140_Val,14,9,-5
8EIO_Ala_1146_Val,1,6,5
8EIO_Ala_1146_Asp,0,0,0
8EIO_Val_1147_Glu,0,13,13
8EIO_Asn_1148_Lys,0,2,2
8EIO_Ile_1151_Val,4,2,-2
8EIO_Asp_1152_His,1,1,0
8EIO_Val_1153_Glu,2,4,2
8EIO_Val_1153_Met,0,0,0
8EIO_Asp_1154_Glu,5,13,8
8EIO_Asp_1154_Gly,0,0,0
8EIO_Leu_1156_Phe,8,9,1
8EIO_Met_1157_Ile,4,18,14
8EIO_Arg_1158_Gln,1,9,8
8EIO_Ser_1159_Pro,2,3,1
8EIO_Ser_1159_Phe,0,0,0
8EIO_Arg_1162_Leu,11,4,-7
8EIO_Arg_1162_Gln,0,0,0
8EIO_Val_1163_Gly,1,0,-1
8EIO_Lys_1165_Arg,1,0,-1
8EIO_Ile_1167_Val,5,1,-4
8EIO_Asp_1168_Gly,0,0,0
8EIO_Thr_1171_Ala,0,0,0
8EIO_Glu_1172_Gln,4,12,8
8EIO_Gly_1173_Ser,0,1,1
8EIO_Lys_1174_Thr,0,0,0
8EIO_Lys_1177_Arg,0,0,0
8EIO_Lys_1177_Thr,0,0,0
8EIO_Pro_1181_Gln,0,0,0
8EIO_Tyr_1182_His,0,0,0
8EIO_Lys_1183_Asn,0,0,0
8EIO_Asn_1184_Lys,0,0,0
8EIO_Gln_1186_His,0,0,0
8EIO_Leu_1187_Val,0,0,0
8EIO_Leu_1187_Ile,0,0,0
8EIO_Ser_1188_Pro,0,0,0
8EIO_Ser_1188_Leu,0,0,0
8EIO_Met_1191_Thr,0,0,0
8EIO_His_1197_Leu,0,0,0
8EIO_His_1197_Arg,0,0,0
8EIO_Val_1198_Met,0,0,0
8EIO_Val_1198_Leu,0,0,0
8EIO_Lys_1199_Arg,0,0,0
8EIO_Lys_1200_Gln,0,0,0
8EIO_Asp_1201_Tyr,0,0,0
8EIO_Ile_1203_Phe,0,0,0
8EIO_Ile_1203_Val,0,0,0
8EIO_Gly_1208_Asp,0,11,11
8EIO_Gln_1209_Lys,2,12,10
8EIO_Met_1210_Leu,2,10,8
8EIO_Thr_1216_Ala,3,1,-2
8EIO_Ala_1217_Val,3,12,9
8EIO_Tyr_1219_His,19,17,-2
8EIO_Thr_1220_Ile,0,0,0
8EIO_Gly_1223_Arg,0,18,18
8EIO_Asn_1224_Lys,0,0,0
8EIO_Ala_1225_Val,2,7,5
8EIO_Ile_1226_Thr,6,4,-2
8EIO_Leu_1227_Ser,6,1,-5
8EIO_Glu_1228_Gln,1,2,1
8EIO_Glu_1228_Gly,0,0,0
8EIO_Asn_1229_Lys,0,0,0
8EIO_Ile_1230_Thr,8,5,-3
8EIO_Ile_1230_Val,0,0,0
8EIO_Ile_1234_Val,10,6,-4
8EIO_Ser_1235_Arg,3,0,-3
8EIO_Gly_1237_Asp,0,0,0
8EIO_Gln_1238_Lys,11,3,-8
8EIO_Val_1240_Gly,5,0,-5
8EIO_Gly_1241_Asp,0,22,22
8EIO_Leu_1242_Phe,7,20,13
8EIO_Gly_1244_Glu,0,37,37
8EIO_Gly_1244_Val,0,0,0
8EIO_Thr_1246_Ile,11,16,5
8EIO_Thr_1246_Ser,0,0,0
8EIO_Ser_1248_Leu,2,4,2
8EIO_Gly_1249_Glu,0,19,19
8EIO_Gly_1249_Arg,0,0,0
8EIO_Ser_1251_Asn,4,14,10
8EIO_Ser_1251_Arg,0,0,0
8EIO_Leu_1254_Phe,3,20,17
8EIO_Ser_1255_Thr,1,3,2
8EIO_Ser_1255_Leu,0,0,0
8EIO_Ala_1256_Val,2,10,8
8EIO_Phe_1257_Leu,5,5,0
8EIO_Arg_1259_Thr,6,1,-5
8EIO_Thr_1263_Ile,2,15,13
8EIO_Glu_1264_Gly,4,0,-4
8EIO_Gln_1268_Arg,3,0,-3
8EIO_Ile_1269_Met,8,15,7
8EIO_Asp_1270_Asn,0,1,1
8EIO_Asp_1270_Gly,0,0,0
8EIO_Val_1272_Glu,6,2,-4
8EIO_Val_1272_Gly,0,0,0
8EIO_Ile_1277_Val,7,3,-4
8EIO_Ile_1277_Thr,0,0,0
8EIO_Leu_1279_Trp,6,45,39
8EIO_Gln_1281_Arg,8,6,-2
8EIO_Trp_1282_Cys,15,1,-14
8EIO_Arg_1283_Lys,5,6,1
8EIO_Ala_1285_Val,2,11,9
8EIO_Val_1288_Ala,2,0,-2
8EIO_Ile_1289_Val,5,3,-2
8EIO_Pro_1290_Leu,2,4,2
8EIO_Pro_1290_Thr,0,0,0
8EIO_Gln_1291_His,4,25,21
8EIO_Gln_1291_Arg,0,0,0
8EIO_Val_1293_Ile,5,10,5
8EIO_Val_1293_Leu,0,0,0
8EIO_Thr_1299_Ala,0,0,0
8EIO_Phe_1300_Leu,6,9,3
8EIO_Asn_1303_Lys,4,13,9
8EIO_Asn_1303_Ile,0,0,0
8EIO_Asn_1303_Tyr,0,0,0
8EIO_Leu_1304_Val,4,2,-2
8EIO_Pro_1306_Ser,5,2,-3
8EIO_Tyr_1307_Asn,6,2,-4
8EIO_Gln_1309_Glu,6,3,-3
8EIO_Trp_1310_Gly,19,0,-19
8EIO_Ser_1311_Arg,2,0,-2
8EIO_Asp_1312_Gly,1,0,-1
8EIO_Gln_1313_Lys,0,0,0
8EIO_Val_1318_Ala,2,0,-2
8EIO_Val_1318_Ile,0,0,0
8EIO_Val_1322_Phe,4,26,22
8EIO_Val_1322_Ile,0,0,0
8EIO_Val_1327_Leu,6,16,10
8EIO_Ile_1328_Thr,2,0,-2
8EIO_Ile_1328_Met,0,0,0
8EIO_Ile_1328_Val,0,0,0
8EIO_Gln_1330_Glu,6,11,5
8EIO_Phe_1331_Leu,15,9,-6
8EIO_Phe_1331_Ile,0,0,0
8EIO_Leu_1335_Phe,7,32,25
8EIO_Phe_1337_Val,5,4,-1
8EIO_Leu_1339_Pro,4,1,-3
8EIO_Asp_1341_Gly,1,0,-1
8EIO_Gly_1343_Ser,0,10,10
8EIO_Gly_1343_Ala,0,0,0
8EIO_Gly_1343_Asp,0,0,0
8EIO_Cys_1344_Ser,1,0,-1
8EIO_Leu_1346_Gln,4,7,3
8EIO_Ser_1347_Asn,12,24,12
8EIO_Gly_1349_Ser,0,9,9
8EIO_Lys_1351_Asn,4,4,0
8EIO_Gln_1352_His,1,5,4
8EIO_Gln_1352_Glu,0,0,0
8EIO_Met_1354_Thr,3,1,-2
8EIO_Met_1354_Ile,0,0,0
8EIO_Cys_1355_Gly,2,0,-2
8EIO_Cys_1355_Phe,0,0,0
8EIO_Arg_1358_Gly,3,0,-3
8EIO_Ser_1359_Cys,3,5,2
8EIO_Leu_1361_Val,6,9,3
8EIO_Ser_1362_Asn,0,0,0
8EIO_Ser_1362_Thr,0,0,0
8EIO_Lys_1363_Arg,0,0,0
8EIO_Ala_1364_Val,0,0,0
8EIO_Ile_1366_Phe,4,5,1
8EIO_Ile_1366_Thr,0,0,0
8EIO_Ile_1366_Asn,0,0,0
8EIO_Leu_1369_Phe,6,18,12
8EIO_Asp_1370_Gly,4,0,-4
8EIO_Asp_1370_His,0,0,0
8EIO_Pro_1372_Leu,6,14,8
8EIO_His_1375_Asn,13,7,-6
8EIO_His_1375_Arg,0,0,0
8EIO_Asp_1377_Asn,6,2,-4
8EIO_Asp_1377_His,0,0,0
8EIO_Pro_1378_Leu,0,2,2
8EIO_Val_1379_Leu,3,2,-1
8EIO_Thr_1380_Ile,5,18,13
8EIO_Tyr_1381_His,6,26,20
8EIO_Tyr_1381_Ser,0,0,0
8EIO_Tyr_1381_Cys,0,0,0
8EIO_Gln_1382_Lys,2,0,-2
8EIO_Gln_1382_His,0,0,0
8EIO_Arg_1385_Gly,2,0,-2
8EIO_Arg_1386_Gly,0,0,0
8EIO_Phe_1392_Leu,5,5,0
8EIO_Asp_1394_Gly,0,0,0
8EIO_Asp_1394_His,0,0,0
8EIO_Cys_1395_Phe,1,11,10
8EIO_Thr_1396_Pro,1,4,3
8EIO_Thr_1396_Arg,0,0,0
8EIO_Ile_1398_Ser,4,1,-3
8EIO_Arg_1403_Lys,3,1,-2
8EIO_Arg_1403_Gly,0,0,0
8EIO_Glu_1409_Lys,1,13,12
8EIO_Cys_1410_Trp,2,23,21
8EIO_Cys_1410_Ser,0,0,0
8EIO_Gln_1411_Pro,0,3,3
8EIO_Phe_1413_Leu,8,15,7
8EIO_Val_1415_Gly,5,0,-5
8EIO_Val_1415_Asp,0,0,0
8EIO_Asn_1419_Lys,0,0,0
8EIO_Val_1421_Leu,7,16,9
8EIO_Val_1421_Met,0,0,0
8EIO_Arg_1422_Trp,1,2,1
8EIO_Arg_1422_Gln,0,0,0
8EIO_Arg_1422_Pro,0,0,0
8EIO_Ser_1426_Phe,3,29,26
8EIO_Ser_1426_Pro,0,0,0
8EIO_Ser_1426_Tyr,0,0,0
8EIO_Leu_1431_Arg,7,22,15
8EIO_Asn_1432_Lys,0,8,8
8EIO_Glu_1433_Lys,0,1,1
8EIO_Leu_1436_Phe,0,0,0
8EIO_Arg_1438_Trp,1,45,44
8EIO_Ala_1440_Thr,2,8,6
8EIO_Ile_1441_Thr,3,1,-2
8EIO_Ile_1441_Val,0,0,0
8EIO_Ser_1442_Arg,1,3,2
8EIO_Pro_1443_Ser,2,0,-2
8EIO_Pro_1443_Ala,0,0,0
8EIO_Ser_1444_Phe,0,2,2
8EIO_Asp_1445_Asn,1,1,0
8EIO_Phe_1450_Ile,0,0,0
8EIO_Arg_1453_Trp,0,0,0
8EIO_Arg_1453_Gln,0,0,0
8EIO_Ser_1455_Ala,0,0,0
8EIO_Lys_1457_Asn,0,0,0
8EIO_Lys_1461_Glu,0,0,0
8EIO_Ile_1464_Thr,0,0,0
8EIO_Ala_1466_Ser,0,0,0
8EIO_Val_1475_Met,0,0,0
8EIO_Val_1475_Leu,0,0,0
8EIO_Thr_1478_Arg,0,0,0
8EIO_Thr_1478_Ile,0,0,0
8EIO_Arg_1479_Lys,0,0,0
8EIO_Leu_1480_Pro,0,0,0
8EIO_Ter_1481_Tyr,0,0,0
8FZQ_Met_1_?,0,0,0
8FZQ_Arg_3_Met,0,0,0
8FZQ_Ser_4_Leu,0,0,0
8FZQ_Ser_4_Ala,0,0,0
8FZQ_Pro_5_Leu,2,0,-2
8FZQ_Leu_6_Arg,0,0,0
8FZQ_Glu_7_Gln,4,21,17
8FZQ_Ala_9_Val,3,13,10
8FZQ_Ser_10_Arg,0,0,0
8FZQ_Ser_10_Asn,0,0,0
8FZQ_Val_11_Ile,0,0,0
8FZQ_Val_11_Leu,0,0,0
8FZQ_Val_11_Ala,0,0,0
8FZQ_Val_12_Ala,0,0,0
8FZQ_Lys_14_Ile,0,1,1
8FZQ_Lys_14_Arg,0,0,0
8FZQ_Lys_14_Glu,0,0,0
8FZQ_Leu_15_Phe,2,19,17
8FZQ_Leu_15_Val,0,0,0
8FZQ_Phe_17_Leu,8,3,-5
8FZQ_Ser_18_Gly,1,0,-1
8FZQ_Thr_20_Ser,6,0,-6
8FZQ_Arg_21_Ile,0,0,0
8FZQ_Leu_24_Val,11,8,-3
8FZQ_Lys_26_Glu,5,0,-5
8FZQ_Tyr_28_His,0,25,25
8FZQ_Arg_29_Thr,0,0,0
8FZQ_Arg_31_Cys,3,0,-3
8FZQ_Arg_31_His,0,0,0
8FZQ_Arg_31_Leu,0,0,0
8FZQ_Leu_32_Met,6,7,1
8FZQ_Leu_32_Pro,0,0,0
8FZQ_Ser_35_Leu,0,0,0
8FZQ_Ile_37_Val,5,4,-1
8FZQ_Tyr_38_His,8,4,-4
8FZQ_Tyr_38_Asn,0,0,0
8FZQ_Tyr_38_Cys,0,0,0
8FZQ_Gln_39_His,0,0,0
8FZQ_Ser_42_Phe,0,0,0
8FZQ_Val_43_Ile,0,1,1
8FZQ_Val_43_Ala,0,0,0
8FZQ_Val_43_Leu,0,0,0
8FZQ_Asp_44_Val,9,5,-4
8FZQ_Ala_46_Val,2,15,13
8FZQ_Asn_48_Lys,2,6,4
8FZQ_Leu_49_Pro,6,2,-4
8FZQ_Lys_52_Ile,0,1,1
8FZQ_Glu_54_Gly,0,0,0
8FZQ_Glu_56_Lys,5,11,6
8FZQ_Trp_57_Arg,16,33,17
8FZQ_Asp_58_His,0,0,0
8FZQ_Asp_58_Gly,0,0,0
8FZQ_Asp_58_Val,0,0,0
8FZQ_Glu_60_Asp,6,5,-1
8FZQ_Lys_64_Glu,0,8,8
8FZQ_Lys_65_Arg,0,0,0
8FZQ_Pro_67_Leu,2,25,23
8FZQ_Lys_68_Glu,2,0,-2
8FZQ_Lys_68_Asn,0,0,0
8FZQ_Ala_72_Thr,2,5,3
8FZQ_Leu_73_Phe,6,8,2
8FZQ_Arg_74_Trp,1,16,15
8FZQ_Arg_74_Gln,0,0,0
8FZQ_Arg_75_Gln,4,0,-4
8FZQ_Arg_75_Leu,0,0,0
8FZQ_Cys_76_Trp,2,56,54
8FZQ_Cys_76_Arg,0,0,0
8FZQ_Phe_78_Tyr,2,14,12
8FZQ_Phe_78_Leu,0,0,0
8FZQ_Trp_79_Arg,1,0,-1
8FZQ_Phe_81_Leu,8,2,-6
8FZQ_Phe_83_Leu,4,2,-2
8FZQ_Tyr_84_His,1,1,0
8FZQ_Tyr_84_Cys,0,0,0
8FZQ_Gly_85_Glu,0,37,37
8FZQ_Ile_86_Val,0,0,0
8FZQ_Phe_87_Ser,5,1,-4
8FZQ_Leu_88_Phe,5,19,14
8FZQ_Leu_88_Ser,0,0,0
8FZQ_Tyr_89_Cys,7,6,-1
8FZQ_Gly_91_Arg,0,23,23
8FZQ_Thr_94_Ile,5,12,7
8FZQ_Thr_94_Pro,0,0,0
8FZQ_Val_97_Ala,2,0,-2
8FZQ_Gln_98_Arg,12,37,25
8FZQ_Pro_99_Leu,8,16,8
8FZQ_Leu_102_Arg,5,7,2
8FZQ_Arg_104_Gly,1,0,-1
8FZQ_Ile_105_Val,5,4,-1
8FZQ_Tyr_109_Asn,6,1,-5
8FZQ_Asp_110_His,2,7,5
8FZQ_Asp_110_Glu,0,0,0
8FZQ_Asp_110_Tyr,0,0,0
8FZQ_Pro_111_Leu,0,0,0
8FZQ_Asp_112_Gly,0,0,0
8FZQ_Asp_112_Asn,0,0,0
8FZQ_Glu_116_Gln,4,0,-4
8FZQ_Glu_116_Gly,0,0,0
8FZQ_Glu_116_Ala,0,0,0
8FZQ_Arg_117_His,0,1,1
8FZQ_Arg_117_Cys,0,0,0
8FZQ_Arg_117_Gly,0,0,0
8FZQ_Arg_117_Leu,0,0,0
8FZQ_Arg_117_Ser,0,0,0
8FZQ_Ser_118_Phe,4,32,28
8FZQ_Ser_118_Cys,0,0,0
8FZQ_Ile_119_Val,0,0,0
8FZQ_Ala_120_Thr,3,8,5
8FZQ_Ala_120_Ser,0,0,0
8FZQ_Ile_121_Phe,2,23,21
8FZQ_Tyr_122_Cys,1,0,-1
8FZQ_Ile_125_Thr,1,3,2
8FZQ_Gly_126_Asp,0,1,1
8FZQ_Gly_126_Ser,0,0,0
8FZQ_Gly_126_Val,0,0,0
8FZQ_Leu_130_Val,4,1,-3
8FZQ_Phe_131_Leu,13,4,-9
8FZQ_Ile_132_Val,2,2,0
8FZQ_Ile_132_Thr,0,0,0
8FZQ_Gly_134_Ala,11,1,-10
8FZQ_Thr_135_Ser,11,5,-6
8FZQ_Leu_138_Pro,4,0,-4
8FZQ_Ser_138_Asn,0,0,0
8FZQ_His_139_Pro,9,6,-3
8FZQ_His_139_Tyr,0,0,0
8FZQ_Pro_140_Ser,2,0,-2
8FZQ_Pro_140_Arg,0,0,0
8FZQ_Ala_141_Thr,1,3,2
8FZQ_Met_142_Thr,7,5,-2
8FZQ_Glu_144_Lys,0,25,25
8FZQ_Glu_144_Asp,0,0,0
8FZQ_His_147_Gln,11,12,1
8FZQ_His_147_Asn,0,0,0
8FZQ_Ile_148_Thr,3,1,-2
8FZQ_Gly_149_Glu,0,13,13
8FZQ_Met_150_Ile,9,5,-4
8FZQ_Gln_151_Lys,12,9,-3
8FZQ_Gln_151_Arg,0,0,0
8FZQ_Gln_151_Pro,0,0,0
8FZQ_Met_152_Leu,9,16,7
8FZQ_Gly_152_Arg,0,0,0
8FZQ_Met_152_Ile,0,0,0
8FZQ_Arg_153_Lys,14,11,-3
8FZQ_Ile_154_Thr,8,1,-7
8FZQ_Tyr_155_Asn,4,15,11
8FZQ_Met_156_Val,6,3,-3
8FZQ_Ser_158_Asn,2,7,5
8FZQ_Ser_158_Thr,0,0,0
8FZQ_Ser_158_Cys,0,0,0
8FZQ_Leu_159_Ser,4,1,-3
8FZQ_Ile_160_Val,4,4,0
8FZQ_Tyr_161_Cys,18,6,-12
8FZQ_Thr_164_Ala,3,0,-3
8FZQ_Arg_170_His,14,12,-2
8FZQ_Arg_170_Cys,0,0,0
8FZQ_Arg_170_Ser,0,0,0
8FZQ_Val_171_Ile,4,9,5
8FZQ_Leu_172_Ile,3,2,-1
8FZQ_Ser_176_Thr,1,1,0
8FZQ_Ser_176_Asn,0,0,0
8FZQ_Ser_176_Arg,0,0,0
8FZQ_Ile_177_Phe,2,2,0
8FZQ_Ile_177_Thr,0,0,0
8FZQ_Ile_177_Met,0,0,0
8FZQ_Ile_177_Val,0,0,0
8FZQ_Gly_178_Arg,0,2,2
8FZQ_Gly_178_Glu,0,0,0
8FZQ_Gln_179_Lys,1,3,2
8FZQ_Leu_180_Val,2,1,-1
8FZQ_Leu_183_Ile,1,1,0
8FZQ_Arg_183_Lys,0,0,0
8FZQ_Glu_185_Val,0,3,3
8FZQ_His_186_Gln,0,1,1
8FZQ_Asn_187_Lys,3,9,6
8FZQ_Cys_187_Ser,0,0,0
8FZQ_Cys_187_Gly,0,0,0
8FZQ_Leu_188_Phe,8,35,27
8FZQ_Leu_188_Pro,0,0,0
8FZQ_Cys_190_Ser,0,0,0
8FZQ_Phe_191_Val,9,7,-2
8FZQ_Glu_193_Gly,0,0,0
8FZQ_Glu_193_Lys,0,0,0
8FZQ_Gly_194_Val,0,4,4
8FZQ_Ala_196_Val,3,16,13
8FZQ_Ala_198_Val,3,9,6
8FZQ_Ala_198_Pro,0,0,0
8FZQ_His_199_Arg,9,37,28
8FZQ_Phe_200_Leu,12,12,0
8FZQ_Phe_200_Ile,0,0,0
8FZQ_Val_201_Met,1,8,7
8FZQ_Ala_204_Thr,2,6,4
8FZQ_Ala_204_Ser,0,0,0
8FZQ_Pro_205_Ser,3,0,-3
8FZQ_Pro_205_Leu,0,0,0
8FZQ_Leu_206_Trp,3,51,48
8FZQ_Gln_207_His,4,10,6
8FZQ_Val_208_Ala,3,0,-3
8FZQ_Ala_209_Ser,0,0,0
8FZQ_Leu_210_Phe,3,5,2
8FZQ_Met_212_Val,7,0,-7
8FZQ_Gly_213_Glu,0,0,0
8FZQ_Leu_214_Val,10,3,-7
8FZQ_Trp_216_Arg,4,0,-4
8FZQ_Glu_217_Gly,0,0,0
8FZQ_Glu_217_Lys,0,0,0
8FZQ_Gln_220_Pro,0,0,0
8FZQ_Ala_221_Val,0,0,0
8FZQ_Phe_224_Leu,0,0,0
8FZQ_Cys_225_Tyr,1,4,3
8FZQ_Gly_226_Glu,0,8,8
8FZQ_Gly_226_Val,0,0,0
8FZQ_Phe_229_Tyr,2,1,-1
8FZQ_Val_232_Asp,0,0,0
8FZQ_Leu_233_Val,3,3,0
8FZQ_Ala_234_Ser,0,1,1
8FZQ_Phe_236_Ser,4,0,-4
8FZQ_Gln_237_Glu,4,5,1
8FZQ_Gly_239_Arg,0,0,0
8FZQ_Gly_241_Arg,0,2,2
8FZQ_Arg_242_Lys,1,0,-1
8FZQ_Met_243_Thr,0,0,0
8FZQ_Met_243_Val,0,0,0
8FZQ_Met_244_Val,7,2,-5
8FZQ_Met_244_Ile,0,0,0
8FZQ_Arg_248_Thr,1,0,-1
8FZQ_Arg_248_Lys,0,0,0
8FZQ_Ala_252_Pro,0,1,1
8FZQ_Ala_252_Ser,0,0,0
8FZQ_Gly_253_Glu,0,0,0
8FZQ_Gly_253_Arg,0,0,0
8FZQ_Ile_255_Asn,3,8,5
8FZQ_Ile_255_Val,0,0,0
8FZQ_Ser_256_Gly,0,0,0
8FZQ_Ser_256_Asn,0,0,0
8FZQ_Glu_257_Ala,0,0,0
8FZQ_Arg_258_Gly,7,0,-7
8FZQ_Arg_258_Ile,0,0,0
8FZQ_Leu_259_Phe,2,8,6
8FZQ_Leu_259_Val,0,0,0
8FZQ_Val_260_Gly,1,0,-1
8FZQ_Val_260_Met,0,0,0
8FZQ_Val_260_Ala,0,0,0
8FZQ_Met_265_Arg,4,18,14
8FZQ_Ile_269_Thr,3,2,-1
8FZQ_Val_272_Ala,1,0,-1
8FZQ_Lys_273_Gln,5,5,0
8FZQ_Lys_273_Met,0,0,0
8FZQ_Cys_276_Phe,3,18,15
8FZQ_Glu_279_Asp,2,2,0
8FZQ_Ala_280_Ser,2,3,1
8FZQ_Met_281_Thr,8,3,-5
8FZQ_Met_281_Val,0,0,0
8FZQ_Glu_282_Asp,6,4,-2
8FZQ_Lys_283_Arg,0,0,0
8FZQ_Ile_285_Phe,5,28,23
8FZQ_Ile_285_Thr,0,0,0
8FZQ_Asn_287_Lys,0,0,0
8FZQ_Asn_287_Ser,0,0,0
8FZQ_Asn_287_Tyr,0,0,0
8FZQ_Gln_290_Arg,0,3,3
8FZQ_Thr_291_Arg,0,3,3
8FZQ_Thr_291_Ile,0,0,0
8FZQ_Thr_291_Ala,0,0,0
8FZQ_Leu_293_Met,5,2,-3
8FZQ_Arg_297_Gln,17,3,-14
8FZQ_Arg_297_Trp,0,0,0
8FZQ_Ala_299_Thr,0,2,2
8FZQ_Ala_300_Gly,1,0,-1
8FZQ_Tyr_301_Cys,4,0,-4
8FZQ_Phe_305_Val,2,1,-1
8FZQ_Asn_306_Ser,4,1,-3
8FZQ_Ala_309_Gly,1,0,-1
8FZQ_Ala_309_Thr,0,0,0
8FZQ_Phe_310_Leu,12,14,2
8FZQ_Gly_314_Glu,0,22,22
8FZQ_Phe_315_Ser,6,3,-3
8FZQ_Phe_316_Leu,2,2,0
8FZQ_Val_317_Gly,6,0,-6
8FZQ_Leu_320_Val,3,2,-1
8FZQ_Leu_320_Phe,0,0,0
8FZQ_Ser_321_Pro,0,2,2
8FZQ_Val_322_Met,2,5,3
8FZQ_Tyr_325_Cys,5,4,-1
8FZQ_Leu_327_Arg,0,0,0
8FZQ_Ile_331_Asn,3,2,-1
8FZQ_Leu_333_Phe,4,11,7
8FZQ_Arg_334_Gln,4,16,12
8FZQ_Arg_334_Trp,0,0,0
8FZQ_Arg_334_Leu,0,0,0
8FZQ_Ile_336_Lys,5,13,8
8FZQ_Ile_336_Thr,0,0,0
8FZQ_Phe_337_Val,2,3,1
8FZQ_Thr_338_Ile,1,3,2
8FZQ_Thr_338_Ala,0,0,0
8FZQ_Ile_340_Val,7,2,-5
8FZQ_Cys_343_Phe,4,12,8
8FZQ_Ile_344_Val,2,0,-2
8FZQ_Arg_347_His,9,14,5
8FZQ_Arg_347_Pro,0,0,0
8FZQ_Arg_347_Cys,0,0,0
8FZQ_Arg_347_Ser,0,0,0
8FZQ_Met_348_Lys,4,8,4
8FZQ_Met_348_Val,0,0,0
8FZQ_Ala_349_Val,0,4,4
8FZQ_Thr_351_Ser,4,0,-4
8FZQ_Thr_351_Ile,0,0,0
8FZQ_Arg_352_Trp,20,27,7
8FZQ_Arg_352_Gln,0,0,0
8FZQ_Gln_353_His,7,31,24
8FZQ_Pro_355_Leu,0,0,0
8FZQ_Thr_360_Ile,2,5,3
8FZQ_Trp_361_Arg,3,15,12
8FZQ_Asn_369_Ser,0,0,0
8FZQ_Lys_370_Glu,0,0,0
8FZQ_Ile_371_Met,2,4,2
8FZQ_Ile_371_Thr,0,0,0
8FZQ_Asp_373_Asn,0,0,0
8FZQ_Asp_373_Tyr,0,0,0
8FZQ_Asp_373_Val,0,0,0
8FZQ_Leu_375_Phe,8,19,11
8FZQ_Gln_378_Arg,9,18,9
8FZQ_Glu_379_Asp,0,0,0
8FZQ_Tyr_380_Cys,12,1,-11
8FZQ_Thr_382_Pro,3,6,3
8FZQ_Glu_384_Asp,1,0,-1
8FZQ_Leu_387_Ser,2,2,0
8FZQ_Thr_388_Met,1,0,-1
8FZQ_Thr_389_Ser,6,3,-3
8FZQ_Thr_390_Ile,0,3,3
8FZQ_Thr_390_Ala,0,0,0
8FZQ_Met_394_Thr,13,3,-10
8FZQ_Asn_396_Tyr,0,1,1
8FZQ_Asn_396_Thr,0,0,0
8FZQ_Ala_399_Val,3,11,8
8FZQ_Ala_399_Gly,0,0,0
8FZQ_Phe_400_Ser,3,1,-2
8FZQ_Trp_401_Cys,33,2,-31
8FZQ_Trp_401_Leu,0,0,0
8FZQ_Gly_404_Arg,0,0,0
8FZQ_Gly_404_Val,0,0,0
8FZQ_Gly_404_Ala,0,0,0
8FZQ_Gly_406_Glu,0,5,5
8FZQ_Glu_407_Lys,0,0,0
8FZQ_Glu_407_Val,0,0,0
8FZQ_Phe_409_Ile,1,1,0
8FZQ_Lys_411_Glu,0,0,0
8FZQ_Ala_412_Ser,0,0,0
8FZQ_Gln_414_Pro,0,0,0
8FZQ_Asn_416_Ser,0,0,0
8FZQ_Asn_416_Asp,0,0,0
8FZQ_Asn_418_Ser,0,0,0
8FZQ_Asn_423_Lys,0,0,0
8FZQ_Gly_424_Ser,0,0,0
8FZQ_Leu_428_Ile,0,0,0
8FZQ_Ser_431_Gly,0,0,0
8FZQ_Leu_435_Pro,0,0,0
8FZQ_Gly_437_Asp,0,28,28
8FZQ_Thr_438_Ala,0,0,0
8FZQ_Pro_439_Thr,6,10,4
8FZQ_Val_440_Ala,4,1,-3
8FZQ_Leu_441_Pro,6,4,-2
8FZQ_Asp_443_Tyr,0,4,4
8FZQ_Asp_443_Glu,0,0,0
8FZQ_Ile_444_Thr,6,2,-4
8FZQ_Ile_444_Val,0,0,0
8FZQ_Lys_447_Arg,6,7,1
8FZQ_Ile_448_Thr,12,6,-6
8FZQ_Glu_449_Gly,1,0,-1
8FZQ_Arg_450_Ile,1,3,2
8FZQ_Gly_451_Arg,0,0,0
8FZQ_Gln_452_Arg,6,18,12
8FZQ_Ala_455_Val,3,10,7
8FZQ_Ala_455_Glu,0,0,0
8FZQ_Val_456_Ala,4,0,-4
8FZQ_Ser_459_Phe,0,0,0
8FZQ_Ala_462_Val,1,5,4
8FZQ_Thr_465_Asn,7,15,8
8FZQ_Ser_466_Leu,4,23,19
8FZQ_Leu_467_Phe,4,12,8
8FZQ_Leu_467_Pro,0,0,0
8FZQ_Met_469_Ile,4,5,1
8FZQ_Met_469_Val,0,0,0
8FZQ_Val_470_Met,1,14,13
8FZQ_Ile_471_Val,5,1,-4
8FZQ_Glu_474_Gln,8,10,2
8FZQ_Pro_477_Ser,1,0,-1
8FZQ_Pro_477_Thr,0,0,0
8FZQ_Glu_479_Asp,6,4,-2
8FZQ_Glu_479_Gly,0,0,0
8FZQ_Gly_480_Cys,0,5,5
8FZQ_His_484_Tyr,8,14,6
8FZQ_Ser_485_Cys,5,6,1
8FZQ_Ser_485_Thr,0,0,0
8FZQ_Arg_487_Lys,3,13,10
8FZQ_Phe_490_Cys,10,4,-6
8FZQ_Cys_491_Phe,4,11,7
8FZQ_Ser_492_Phe,2,40,38
8FZQ_Gln_493_Arg,12,17,5
8FZQ_Ser_495_Phe,1,14,13
8FZQ_Met_498_Thr,10,8,-2
8FZQ_Pro_499_Ala,1,0,-1
8FZQ_Pro_499_Ser,0,0,0
8FZQ_Gly_500_Asp,0,21,21
8FZQ_Gly_500_Ser,0,0,0
8FZQ_Ile_502_Thr,6,3,-3
8FZQ_Ile_502_Val,0,0,0
8FZQ_Ile_506_Val,11,6,-5
8FZQ_Ile_506_Thr,0,0,0
8FZQ_Ile_506_Leu,0,0,0
8FZQ_Ile_507_Val,10,10,0
8FZQ_Phe_508_Cys,9,1,-8
8FZQ_Phe_508_Val,0,0,0
8FZQ_Phe_508_Leu,0,0,0
8FZQ_Val_510_Ile,2,4,2
8FZQ_Asp_513_Gly,4,0,-4
8FZQ_Asp_513_Tyr,0,0,0
8FZQ_Tyr_515_His,1,1,0
8FZQ_Ser_519_Asn,0,4,4
8FZQ_Val_520_Ile,3,10,7
8FZQ_Val_520_Phe,0,0,0
8FZQ_Ile_521_Leu,6,10,4
8FZQ_Ile_521_Phe,0,0,0
8FZQ_Cys_524_Arg,2,18,16
8FZQ_Glu_527_Gly,1,0,-1
8FZQ_Glu_527_Gln,0,0,0
8FZQ_Glu_528_Lys,0,0,0
8FZQ_Ile_530_Met,3,8,5
8FZQ_Ile_530_Asn,0,0,0
8FZQ_Lys_532_Asn,2,0,-2
8FZQ_Ala_534_Glu,0,0,0
8FZQ_Ala_534_Ser,0,0,0
8FZQ_Lys_536_Glu,0,0,0
8FZQ_Asn_538_Lys,0,2,2
8FZQ_Asn_538_Tyr,0,0,0
8FZQ_Ile_539_Thr,4,2,-2
8FZQ_Val_540_Ile,0,0,0
8FZQ_Val_540_Ala,0,0,0
8FZQ_Gly_542_Glu,0,8,8
8FZQ_Gly_542_Arg,0,0,0
8FZQ_Gly_544_Ser,0,3,3
8FZQ_Ile_546_Phe,0,10,10
8FZQ_Thr_547_Ile,0,0,0
8FZQ_Thr_547_Ala,0,0,0
8FZQ_Leu_548_Pro,6,3,-3
8FZQ_Ser_549_Asn,3,10,7
8FZQ_Ser_549_Arg,0,0,0
8FZQ_Gly_551_Asp,0,3,3
8FZQ_Gly_551_Ser,0,0,0
8FZQ_Arg_553_Gln,2,1,-1
8FZQ_Arg_553_Pro,0,0,0
8FZQ_Ile_556_Val,2,1,-1
8FZQ_Ser_557_Thr,2,5,3
8FZQ_Leu_558_Ser,5,0,-5
8FZQ_Ala_559_Thr,4,12,8
8FZQ_Ala_559_Ser,0,0,0
8FZQ_Arg_560_Thr,9,2,-7
8FZQ_Arg_560_Ser,0,0,0
8FZQ_Ala_561_Glu,2,12,10
8FZQ_Ala_561_Ser,0,0,0
8FZQ_Val_562_Ile,6,7,1
8FZQ_Val_562_Leu,0,0,0
8FZQ_Tyr_563_Asn,14,10,-4
8FZQ_Lys_564_Arg,9,17,8
8FZQ_Lys_564_Glu,0,0,0
8FZQ_Asp_565_His,0,0,0
8FZQ_Asp_565_Tyr,0,0,0
8FZQ_Ala_566_Asp,2,9,7
8FZQ_Asp_567_Asn,7,0,-7
8FZQ_Tyr_569_Asp,2,2,0
8FZQ_Asp_572_Glu,7,17,10
8FZQ_Ser_573_Phe,3,26,23
8FZQ_Ser_573_Cys,0,0,0
8FZQ_Pro_574_His,9,35,26
8FZQ_Phe_575_Tyr,16,23,7
8FZQ_Phe_575_Ile,0,0,0
8FZQ_Gly_576_Ala,0,0,0
8FZQ_Gly_576_Val,0,0,0
8FZQ_Tyr_577_Cys,0,0,0
8FZQ_Tyr_577_Phe,0,0,0
8FZQ_Asp_579_Gly,6,0,-6
8FZQ_Thr_582_Ser,6,5,-1
8FZQ_Glu_583_Gly,10,0,-10
8FZQ_Glu_585_Lys,0,8,8
8FZQ_Phe_587_Val,15,6,-9
8FZQ_Phe_587_Ile,0,0,0
8FZQ_Glu_588_Lys,1,0,-1
8FZQ_Glu_588_Gly,0,0,0
8FZQ_Glu_588_Ala,0,0,0
8FZQ_Ser_589_Thr,2,4,2
8FZQ_Cys_592_Tyr,4,34,30
8FZQ_Met_595_Val,9,5,-4
8FZQ_Met_595_Leu,0,0,0
8FZQ_Asn_597_Lys,0,0,0
8FZQ_Thr_599_Ser,2,0,-2
8FZQ_Ile_601_Val,7,2,-5
8FZQ_Ile_601_Phe,0,0,0
8FZQ_Val_603_Ile,2,7,5
8FZQ_Ser_605_Pro,0,0,0
8FZQ_Leu_610_Ile,5,8,3
8FZQ_Leu_610_Phe,0,0,0
8FZQ_Asp_614_Gly,3,0,-3
8FZQ_Ile_616_Val,5,2,-3
8FZQ_Leu_617_Phe,3,15,12
8FZQ_Ile_618_Thr,6,4,-2
8FZQ_His_620_Arg,2,4,2
8FZQ_His_620_Leu,0,0,0
8FZQ_Gly_622_Asp,0,0,0
8FZQ_Tyr_625_Asn,7,15,8
8FZQ_Phe_626_Leu,5,14,9
8FZQ_Tyr_627_Cys,3,2,-1
8FZQ_Gly_628_Arg,0,52,52
8FZQ_Thr_629_Ala,2,0,-2
8FZQ_Leu_633_Ile,3,10,7
8FZQ_Asn_635_Thr,1,1,0
8FZQ_Leu_636_Pro,0,0,0
8FZQ_Pro_638_Ser,0,0,0
8FZQ_Ser_641_Gly,0,0,0
8FZQ_Met_645_Thr,0,0,0
8FZQ_Met_645_Lys,0,0,0
8FZQ_Asp_648_Asn,0,0,0
8FZQ_Phe_650_Leu,0,0,0
8FZQ_Asp_651_Asn,0,0,0
8FZQ_Gln_652_Glu,0,0,0
8FZQ_Gln_652_Lys,0,0,0
8FZQ_Phe_653_Val,0,0,0
8FZQ_Ser_654_Gly,0,0,0
8FZQ_Glu_656_Gln,0,0,0
8FZQ_Ile_661_Met,0,0,0
8FZQ_Ile_661_Val,0,0,0
8FZQ_Ile_661_Thr,0,0,0
8FZQ_His_667_Tyr,0,0,0
8FZQ_Arg_668_Cys,0,0,0
8FZQ_Arg_668_His,0,0,0
8FZQ_Glu_672_Lys,0,0,0
8FZQ_Asp_674_Gly,0,0,0
8FZQ_Asp_674_Val,0,0,0
8FZQ_Ala_675_Val,0,0,0
8FZQ_Pro_676_Ala,0,0,0
8FZQ_Pro_676_Ser,0,0,0
8FZQ_Glu_681_Val,0,0,0
8FZQ_Lys_684_Thr,0,0,0
8FZQ_Ser_686_Tyr,0,0,0
8FZQ_Ser_686_Thr,0,0,0
8FZQ_Lys_688_Gln,0,0,0
8FZQ_Thr_690_Ala,0,0,0
8FZQ_Gly_691_Arg,0,0,0
8FZQ_Phe_693_Leu,0,0,0
8FZQ_Glu_695_Gly,0,0,0
8FZQ_Asn_699_Lys,0,0,0
8FZQ_Asn_703_Ile,0,0,0
8FZQ_Pro_704_Leu,0,0,0
8FZQ_Pro_704_Arg,0,0,0
8FZQ_Ile_705_Val,0,0,0
8FZQ_Ser_707_Cys,0,0,0
8FZQ_Ile_708_Thr,0,0,0
8FZQ_Arg_709_Gln,0,0,0
8FZQ_Val_714_Leu,0,0,0
8FZQ_Gln_715_His,0,0,0
8FZQ_Pro_718_Arg,0,0,0
8FZQ_Gln_720_Arg,0,0,0
8FZQ_Gly_723_Val,0,0,0
8FZQ_Glu_725_Lys,0,0,0
8FZQ_Asp_727_Ala,0,0,0
8FZQ_Pro_731_Leu,0,0,0
8FZQ_Ser_737_Phe,0,0,0
8FZQ_Ser_737_Thr,0,0,0
8FZQ_Pro_740_Leu,0,0,0
8FZQ_Gln_744_Pro,0,0,0
8FZQ_Ala_747_Val,0,0,0
8FZQ_Pro_750_Leu,0,0,0
8FZQ_Arg_751_Cys,0,0,0
8FZQ_Arg_751_His,0,0,0
8FZQ_Arg_751_Leu,0,0,0
8FZQ_Ile_752_Ser,0,0,0
8FZQ_Ser_753_Gly,0,0,0
8FZQ_Ser_753_Asn,0,0,0
8FZQ_Val_754_Met,0,1,1
8FZQ_Ile_755_Phe,0,2,2
8FZQ_Ser_756_Cys,0,0,0
8FZQ_Thr_757_Ser,0,0,0
8FZQ_Thr_760_Met,0,1,1
8FZQ_Thr_760_Arg,0,0,0
8FZQ_Arg_764_Gln,2,14,12
8FZQ_Arg_765_Lys,1,11,10
8FZQ_Arg_766_Lys,1,2,1
8FZQ_Gln_767_His,2,26,24
8FZQ_Ser_768_Phe,0,1,1
8FZQ_Val_769_Ile,1,9,8
8FZQ_His_775_Tyr,0,0,0
8FZQ_His_775_Arg,0,0,0
8FZQ_Ser_776_Leu,0,0,0
8FZQ_Gln_781_His,0,0,0
8FZQ_Ile_783_Val,0,0,0
8FZQ_Arg_785_Gln,0,0,0
8FZQ_Arg_785_Pro,0,0,0
8FZQ_Lys_786_Asn,0,0,0
8FZQ_Arg_792_Gly,0,0,0
8FZQ_Arg_792_Gln,0,0,0
8FZQ_Val_794_Leu,0,0,0
8FZQ_Leu_796_Pro,0,0,0
8FZQ_Pro_798_Ser,0,0,0
8FZQ_Gln_799_Lys,0,0,0
8FZQ_Ala_800_Ser,0,0,0
8FZQ_Ala_800_Val,0,0,0
8FZQ_Asn_801_Tyr,0,0,0
8FZQ_Leu_802_Phe,0,0,0
8FZQ_Asp_806_Gly,0,0,0
8FZQ_Ile_807_Met,0,0,0
8FZQ_Arg_810_Gly,0,0,0
8FZQ_Arg_811_Ser,0,0,0
8FZQ_Gly_817_Val,0,0,0
8FZQ_Ser_821_Asn,0,0,0
8FZQ_Glu_823_Asp,0,0,0
8FZQ_Glu_826_Lys,0,0,0
8FZQ_Glu_826_Asp,0,0,0
8FZQ_Asp_828_Asn,0,0,0
8FZQ_Asp_828_Glu,0,0,0
8FZQ_Cys_832_Tyr,0,0,0
8FZQ_Cys_832_Gly,0,0,0
8FZQ_Phe_834_Leu,0,0,0
8FZQ_Asp_836_Tyr,0,0,0
8FZQ_Met_837_Thr,0,0,0
8FZQ_Asn_847_Ser,1,1,0
8FZQ_Tyr_849_Cys,10,0,-10
8FZQ_Arg_851_Gln,14,4,-10
8FZQ_Ile_853_Val,2,1,-1
8FZQ_Ile_853_Phe,0,0,0
8FZQ_Thr_854_Ile,0,4,4
8FZQ_Val_855_Ile,3,5,2
8FZQ_Lys_857_Asn,0,0,0
8FZQ_Leu_859_Phe,6,16,10
8FZQ_Val_862_Leu,4,8,4
8FZQ_Cys_866_Tyr,1,27,26
8FZQ_Glu_873_Val,0,1,1
8FZQ_Val_874_Leu,4,10,6
8FZQ_Ala_876_Val,0,0,0
8FZQ_Ser_877_Ala,0,0,0
8FZQ_Thr_887_Pro,0,0,0
8FZQ_Thr_887_Asn,0,0,0
8FZQ_Pro_888_His,0,0,0
8FZQ_Leu_889_Phe,0,0,0
8FZQ_Leu_889_Val,0,0,0
8FZQ_Gln_890_Arg,0,0,0
8FZQ_Asp_891_Gly,0,0,0
8FZQ_Asp_891_Asn,0,0,0
8FZQ_Asn_894_Lys,0,0,0
8FZQ_Asn_894_Ser,0,0,0
8FZQ_Ser_895_Asn,0,0,0
8FZQ_Ser_895_Thr,0,0,0
8FZQ_Thr_896_Ile,0,0,0
8FZQ_His_897_Tyr,0,0,0
8FZQ_Ser_898_Arg,0,0,0
8FZQ_Asn_901_Ile,0,0,0
8FZQ_Tyr_903_Cys,0,0,0
8FZQ_Val_905_Leu,0,0,0
8FZQ_Ile_907_Ser,0,0,0
8FZQ_Ile_907_Val,0,0,0
8FZQ_Thr_908_Asn,0,0,0
8FZQ_Thr_910_Ser,0,0,0
8FZQ_Ser_911_Asn,0,0,0
8FZQ_Ser_912_Leu,1,3,2
8FZQ_Tyr_913_Cys,0,0,0
8FZQ_Val_915_Leu,1,3,2
8FZQ_Ile_918_Val,6,5,-1
8FZQ_Tyr_919_Cys,4,4,0
8FZQ_Val_920_Met,6,10,4
8FZQ_Val_920_Leu,0,0,0
8FZQ_Gly_921_Arg,0,47,47
8FZQ_Val_922_Gly,5,0,-5
8FZQ_Asp_924_Asn,7,6,-1
8FZQ_Thr_925_Asn,6,3,-3
8FZQ_Leu_926_Phe,5,16,11
8FZQ_Leu_926_Ser,0,0,0
8FZQ_Gly_934_Ser,0,13,13
8FZQ_Pro_936_Thr,2,4,2
8FZQ_Pro_936_Leu,0,0,0
8FZQ_Val_938_Leu,1,4,3
8FZQ_Val_938_Gly,0,0,0
8FZQ_Val_938_Met,0,0,0
8FZQ_His_939_Asp,10,8,-2
8FZQ_His_939_Gln,0,0,0
8FZQ_Val_944_Ala,6,0,-6
8FZQ_Ser_945_Leu,4,11,7
8FZQ_Lys_946_Glu,2,14,12
8FZQ_Lys_946_Gln,0,0,0
8FZQ_Leu_948_Phe,6,16,10
8FZQ_His_949_Leu,10,19,9
8FZQ_His_949_Tyr,0,0,0
8FZQ_His_950_Arg,4,27,23
8FZQ_Lys_951_Glu,1,3,2
8FZQ_Lys_951_Thr,0,0,0
8FZQ_Met_952_Thr,8,5,-3
8FZQ_Met_952_Ile,0,0,0
8FZQ_His_954_Tyr,5,21,16
8FZQ_Ala_959_Val,0,4,4
8FZQ_Ala_959_Thr,0,0,0
8FZQ_Pro_960_Ser,5,1,-4
8FZQ_Pro_960_Leu,0,0,0
8FZQ_Met_961_Thr,4,3,-1
8FZQ_Met_961_Ile,0,0,0
8FZQ_Met_961_Val,0,0,0
8FZQ_Leu_964_Phe,1,5,4
8FZQ_Asn_965_Lys,3,11,8
8FZQ_Leu_967_Ser,2,0,-2
8FZQ_Gly_970_Asp,0,0,0
8FZQ_Phe_976_Ser,7,1,-6
8FZQ_Phe_976_Leu,0,0,0
8FZQ_Ser_977_Phe,0,5,5
8FZQ_Ser_977_Ala,0,0,0
8FZQ_Ser_977_Cys,0,0,0
8FZQ_Ser_977_Pro,0,0,0
8FZQ_Lys_978_Arg,1,3,2
8FZQ_Asp_979_Ala,7,1,-6
8FZQ_Asp_979_Gly,0,0,0
8FZQ_Ile_980_Lys,2,23,21
8FZQ_Ile_982_Val,1,1,0
8FZQ_Asp_984_Asn,8,10,2
8FZQ_Asp_985_Asn,1,8,7
8FZQ_Asp_985_Glu,0,0,0
8FZQ_Leu_986_Pro,1,2,1
8FZQ_Thr_990_Asn,5,6,1
8FZQ_Thr_990_Ser,0,0,0
8FZQ_Ile_991_Val,3,3,0
8FZQ_Ile_991_Met,0,0,0
8FZQ_Phe_992_Leu,8,11,3
8FZQ_Asp_993_Gly,0,0,0
8FZQ_Phe_994_Leu,5,11,6
8FZQ_Phe_994_Cys,0,0,0
8FZQ_Ile_995_Asn,3,1,-2
8FZQ_Ile_995_Leu,0,0,0
8FZQ_Leu_997_Phe,4,11,7
8FZQ_Val_1001_Leu,2,7,5
8FZQ_Ile_1002_Phe,1,2,1
8FZQ_Gly_1003_Glu,0,38,38
8FZQ_Ala_1004_Gly,1,0,-1
8FZQ_Ile_1005_Arg,3,9,6
8FZQ_Ala_1006_Thr,0,0,0
8FZQ_Ala_1006_Glu,0,0,0
8FZQ_Val_1008_Asp,4,5,1
8FZQ_Ala_1009_Thr,2,5,3
8FZQ_Ala_1009_Val,0,0,0
8FZQ_Pro_1013_His,0,5,5
8FZQ_Pro_1013_Leu,0,0,0
8FZQ_Pro_1013_Arg,0,0,0
8FZQ_Tyr_1014_Cys,1,1,0
8FZQ_Phe_1016_Ser,2,1,-1
8FZQ_Ala_1018_Thr,0,2,2
8FZQ_Pro_1021_Thr,1,0,-1
8FZQ_Pro_1021_Ser,0,0,0
8FZQ_Val_1022_Met,5,7,2
8FZQ_Ile_1023_Val,0,0,0
8FZQ_Ile_1023_Arg,0,0,0
8FZQ_Ala_1025_Ser,0,0,0
8FZQ_Ala_1025_Val,0,0,0
8FZQ_Ile_1027_Thr,0,0,0
8FZQ_Met_1028_Val,0,0,0
8FZQ_Met_1028_Arg,0,0,0
8FZQ_Met_1028_Ile,0,0,0
8FZQ_Leu_1029_Met,4,2,-2
8FZQ_Ala_1031_Val,0,0,0
8FZQ_Tyr_1032_Cys,5,0,-5
8FZQ_Thr_1036_Asn,4,5,1
8FZQ_Gln_1039_Arg,3,2,-1
8FZQ_Lys_1041_Gln,0,11,11
8FZQ_Glu_1044_Gln,10,19,9
8FZQ_Gly_1047_Val,0,5,5
8FZQ_Ser_1049_Asn,1,1,0
8FZQ_Pro_1050_Ala,1,0,-1
8FZQ_Ile_1051_Val,4,1,-3
8FZQ_Ile_1051_Phe,0,0,0
8FZQ_Phe_1052_Val,3,0,-3
8FZQ_Phe_1052_Leu,0,0,0
8FZQ_Thr_1053_Ile,0,2,2
8FZQ_His_1054_Gln,14,7,-7
8FZQ_His_1054_Tyr,0,0,0
8FZQ_Thr_1057_Ala,2,0,-2
8FZQ_Gly_1061_Arg,0,64,64
8FZQ_Leu_1065_Phe,5,25,20
8FZQ_Arg_1066_His,19,7,-12
8FZQ_Arg_1066_Cys,0,0,0
8FZQ_Ala_1067_Val,0,5,5
8FZQ_Ala_1067_Thr,0,0,0
8FZQ_Gly_1069_Arg,0,0,0
8FZQ_Arg_1070_Gln,7,1,-6
8FZQ_Arg_1070_Trp,0,0,0
8FZQ_Gln_1071_Arg,2,13,11
8FZQ_Phe_1074_Leu,9,6,-3
8FZQ_Leu_1077_Pro,2,5,3
8FZQ_Lys_1080_Arg,0,0,0
8FZQ_Lys_1080_Gln,0,0,0
8FZQ_Lys_1080_Glu,0,0,0
8FZQ_Ala_1081_Gly,1,0,-1
8FZQ_His_1085_Pro,5,3,-2
8FZQ_Thr_1086_Ser,7,3,-4
8FZQ_Thr_1086_Ala,0,0,0
8FZQ_Trp_1089_Cys,15,5,-10
8FZQ_Phe_1090_Leu,6,10,4
8FZQ_Leu_1091_Phe,6,23,17
8FZQ_Tyr_1092_His,6,0,-6
8FZQ_Tyr_1092_Cys,0,0,0
8FZQ_Arg_1097_Cys,11,4,-7
8FZQ_Arg_1097_His,0,0,0
8FZQ_Arg_1097_Pro,0,0,0
8FZQ_Trp_1098_Cys,7,4,-3
8FZQ_Phe_1099_Leu,16,19,3
8FZQ_Gln_1100_Pro,3,3,0
8FZQ_Met_1101_Lys,4,12,8
8FZQ_Met_1101_Ile,0,0,0
8FZQ_Arg_1102_Lys,8,29,21
8FZQ_Ile_1106_Thr,3,3,0
8FZQ_Val_1108_Leu,1,4,3
8FZQ_Ile_1109_Val,0,0,0
8FZQ_Phe_1111_Leu,13,10,-3
8FZQ_Val_1114_Leu,4,17,13
8FZQ_Phe_1116_Ser,1,0,-1
8FZQ_Ile_1117_Thr,1,2,1
8FZQ_Ser_1118_Phe,1,29,28
8FZQ_Ser_1118_Cys,0,0,0
8FZQ_Gly_1130_Ala,0,8,8
8FZQ_Gly_1130_Val,0,0,0
8FZQ_Gly_1130_Ser,0,0,0
8FZQ_Ile_1131_Val,6,6,0
8FZQ_Ala_1136_Thr,1,4,3
8FZQ_Met_1137_Val,4,3,-1
8FZQ_Met_1137_Thr,0,0,0
8FZQ_Ile_1139_Val,3,0,-3
8FZQ_Met_1140_Val,8,9,1
8FZQ_Ala_1146_Val,1,4,3
8FZQ_Ala_1146_Asp,0,0,0
8FZQ_Val_1147_Glu,5,10,5
8FZQ_Asn_1148_Lys,0,1,1
8FZQ_Ile_1151_Val,3,2,-1
8FZQ_Asp_1152_His,1,6,5
8FZQ_Val_1153_Glu,2,18,16
8FZQ_Val_1153_Met,0,0,0
8FZQ_Asp_1154_Glu,3,13,10
8FZQ_Asp_1154_Gly,0,0,0
8FZQ_Leu_1156_Phe,5,23,18
8FZQ_Met_1157_Ile,8,12,4
8FZQ_Arg_1158_Gln,6,5,-1
8FZQ_Ser_1159_Pro,2,2,0
8FZQ_Ser_1159_Phe,0,0,0
8FZQ_Arg_1162_Leu,9,4,-5
8FZQ_Arg_1162_Gln,0,0,0
8FZQ_Val_1163_Gly,2,0,-2
8FZQ_Lys_1165_Arg,2,10,8
8FZQ_Ile_1167_Val,2,0,-2
8FZQ_Asp_1168_Gly,7,0,-7
8FZQ_Thr_1171_Ala,0,0,0
8FZQ_Glu_1172_Gln,4,4,0
8FZQ_Gly_1173_Ser,0,0,0
8FZQ_Lys_1174_Thr,0,0,0
8FZQ_Lys_1177_Arg,0,0,0
8FZQ_Lys_1177_Thr,0,0,0
8FZQ_Pro_1181_Gln,0,0,0
8FZQ_Tyr_1182_His,0,0,0
8FZQ_Lys_1183_Asn,0,0,0
8FZQ_Asn_1184_Lys,0,0,0
8FZQ_Gln_1186_His,0,0,0
8FZQ_Leu_1187_Val,0,0,0
8FZQ_Leu_1187_Ile,0,0,0
8FZQ_Ser_1188_Pro,0,0,0
8FZQ_Ser_1188_Leu,0,0,0
8FZQ_Met_1191_Thr,0,0,0
8FZQ_His_1197_Leu,0,0,0
8FZQ_His_1197_Arg,0,0,0
8FZQ_Val_1198_Met,0,0,0
8FZQ_Val_1198_Leu,0,0,0
8FZQ_Lys_1199_Arg,0,0,0
8FZQ_Lys_1200_Gln,0,0,0
8FZQ_Asp_1201_Tyr,0,0,0
8FZQ_Ile_1203_Phe,0,0,0
8FZQ_Ile_1203_Val,0,0,0
8FZQ_Gly_1208_Asp,0,17,17
8FZQ_Gln_1209_Lys,2,12,10
8FZQ_Met_1210_Leu,5,6,1
8FZQ_Thr_1216_Ala,3,1,-2
8FZQ_Ala_1217_Val,1,6,5
8FZQ_Tyr_1219_His,16,28,12
8FZQ_Thr_1220_Ile,1,0,-1
8FZQ_Gly_1223_Arg,0,23,23
8FZQ_Asn_1224_Lys,0,2,2
8FZQ_Ala_1225_Val,1,7,6
8FZQ_Ile_1226_Thr,2,2,0
8FZQ_Leu_1227_Ser,7,4,-3
8FZQ_Glu_1228_Gln,6,3,-3
8FZQ_Glu_1228_Gly,0,0,0
8FZQ_Asn_1229_Lys,1,5,4
8FZQ_Ile_1230_Thr,8,6,-2
8FZQ_Ile_1230_Val,0,0,0
8FZQ_Ile_1234_Val,6,3,-3
8FZQ_Ser_1235_Arg,4,17,13
8FZQ_Gly_1237_Asp,0,0,0
8FZQ_Gln_1238_Lys,3,12,9
8FZQ_Val_1240_Gly,3,0,-3
8FZQ_Gly_1241_Asp,0,15,15
8FZQ_Leu_1242_Phe,7,22,15
8FZQ_Gly_1244_Glu,0,29,29
8FZQ_Gly_1244_Val,0,0,0
8FZQ_Thr_1246_Ile,4,5,1
8FZQ_Thr_1246_Ser,0,0,0
8FZQ_Ser_1248_Leu,1,4,3
8FZQ_Gly_1249_Glu,0,19,19
8FZQ_Gly_1249_Arg,0,0,0
8FZQ_Ser_1251_Asn,8,16,8
8FZQ_Ser_1251_Arg,0,0,0
8FZQ_Leu_1254_Phe,3,22,19
8FZQ_Ser_1255_Thr,5,10,5
8FZQ_Ser_1255_Leu,0,0,0
8FZQ_Ala_1256_Val,2,9,7
8FZQ_Phe_1257_Leu,11,5,-6
8FZQ_Arg_1259_Thr,19,9,-10
8FZQ_Thr_1263_Ile,5,16,11
8FZQ_Glu_1264_Gly,1,0,-1
8FZQ_Gln_1268_Arg,3,0,-3
8FZQ_Ile_1269_Met,4,5,1
8FZQ_Asp_1270_Asn,1,2,1
8FZQ_Asp_1270_Gly,0,0,0
8FZQ_Val_1272_Glu,1,10,9
8FZQ_Val_1272_Gly,0,0,0
8FZQ_Ile_1277_Val,1,4,3
8FZQ_Ile_1277_Thr,0,0,0
8FZQ_Leu_1279_Trp,1,50,49
8FZQ_Gln_1281_Arg,1,4,3
8FZQ_Trp_1282_Cys,19,1,-18
8FZQ_Arg_1283_Lys,3,2,-1
8FZQ_Ala_1285_Val,0,1,1
8FZQ_Val_1288_Ala,3,1,-2
8FZQ_Ile_1289_Val,5,5,0
8FZQ_Pro_1290_Leu,1,5,4
8FZQ_Pro_1290_Thr,0,0,0
8FZQ_Gln_1291_His,9,6,-3
8FZQ_Gln_1291_Arg,0,0,0
8FZQ_Val_1293_Ile,4,7,3
8FZQ_Val_1293_Leu,0,0,0
8FZQ_Thr_1299_Ala,1,0,-1
8FZQ_Phe_1300_Leu,9,3,-6
8FZQ_Asn_1303_Lys,11,20,9
8FZQ_Asn_1303_Ile,0,0,0
8FZQ_Asn_1303_Tyr,0,0,0
8FZQ_Leu_1304_Val,3,4,1
8FZQ_Pro_1306_Ser,6,3,-3
8FZQ_Tyr_1307_Asn,2,1,-1
8FZQ_Gln_1309_Glu,5,3,-2
8FZQ_Trp_1310_Gly,17,0,-17
8FZQ_Ser_1311_Arg,0,0,0
8FZQ_Asp_1312_Gly,3,0,-3
8FZQ_Gln_1313_Lys,0,0,0
8FZQ_Val_1318_Ala,3,0,-3
8FZQ_Val_1318_Ile,0,0,0
8FZQ_Val_1322_Phe,3,16,13
8FZQ_Val_1322_Ile,0,0,0
8FZQ_Val_1327_Leu,6,12,6
8FZQ_Ile_1328_Thr,3,2,-1
8FZQ_Ile_1328_Met,0,0,0
8FZQ_Ile_1328_Val,0,0,0
8FZQ_Gln_1330_Glu,0,1,1
8FZQ_Phe_1331_Leu,10,10,0
8FZQ_Phe_1331_Ile,0,0,0
8FZQ_Leu_1335_Phe,4,21,17
8FZQ_Phe_1337_Val,7,3,-4
8FZQ_Leu_1339_Pro,8,2,-6
8FZQ_Asp_1341_Gly,0,0,0
8FZQ_Gly_1343_Ser,0,12,12
8FZQ_Gly_1343_Ala,0,0,0
8FZQ_Gly_1343_Asp,0,0,0
8FZQ_Cys_1344_Ser,0,0,0
8FZQ_Leu_1346_Gln,8,10,2
8FZQ_Ser_1347_Asn,3,11,8
8FZQ_Gly_1349_Ser,0,8,8
8FZQ_Lys_1351_Asn,5,6,1
8FZQ_Gln_1352_His,5,11,6
8FZQ_Gln_1352_Glu,0,0,0
8FZQ_Met_1354_Thr,4,1,-3
8FZQ_Met_1354_Ile,0,0,0
8FZQ_Cys_1355_Gly,3,0,-3
8FZQ_Cys_1355_Phe,0,0,0
8FZQ_Arg_1358_Gly,10,0,-10
8FZQ_Ser_1359_Cys,1,0,-1
8FZQ_Leu_1361_Val,10,7,-3
8FZQ_Ser_1362_Asn,1,8,7
8FZQ_Ser_1362_Thr,0,0,0
8FZQ_Lys_1363_Arg,0,0,0
8FZQ_Ala_1364_Val,0,1,1
8FZQ_Ile_1366_Phe,5,15,10
8FZQ_Ile_1366_Thr,0,0,0
8FZQ_Ile_1366_Asn,0,0,0
8FZQ_Leu_1369_Phe,7,20,13
8FZQ_Asp_1370_Gly,2,0,-2
8FZQ_Asp_1370_His,0,0,0
8FZQ_Pro_1372_Leu,4,17,13
8FZQ_His_1375_Asn,1,0,-1
8FZQ_His_1375_Arg,0,0,0
8FZQ_Asp_1377_Asn,5,0,-5
8FZQ_Asp_1377_His,0,0,0
8FZQ_Pro_1378_Leu,0,0,0
8FZQ_Val_1379_Leu,2,0,-2
8FZQ_Thr_1380_Ile,5,7,2
8FZQ_Tyr_1381_His,3,2,-1
8FZQ_Tyr_1381_Ser,0,0,0
8FZQ_Tyr_1381_Cys,0,0,0
8FZQ_Gln_1382_Lys,1,1,0
8FZQ_Gln_1382_His,0,0,0
8FZQ_Arg_1385_Gly,2,0,-2
8FZQ_Arg_1386_Gly,2,0,-2
8FZQ_Phe_1392_Leu,4,4,0
8FZQ_Asp_1394_Gly,1,0,-1
8FZQ_Asp_1394_His,0,0,0
8FZQ_Cys_1395_Phe,2,21,19
8FZQ_Thr_1396_Pro,3,3,0
8FZQ_Thr_1396_Arg,0,0,0
8FZQ_Ile_1398_Ser,3,0,-3
8FZQ_Arg_1403_Lys,4,10,6
8FZQ_Arg_1403_Gly,0,0,0
8FZQ_Glu_1409_Lys,2,10,8
8FZQ_Cys_1410_Trp,2,25,23
8FZQ_Cys_1410_Ser,0,0,0
8FZQ_Gln_1411_Pro,0,1,1
8FZQ_Phe_1413_Leu,9,3,-6
8FZQ_Val_1415_Gly,4,0,-4
8FZQ_Val_1415_Asp,0,0,0
8FZQ_Asn_1419_Lys,3,0,-3
8FZQ_Val_1421_Leu,2,15,13
8FZQ_Val_1421_Met,0,0,0
8FZQ_Arg_1422_Trp,12,9,-3
8FZQ_Arg_1422_Gln,0,0,0
8FZQ_Arg_1422_Pro,0,0,0
8FZQ_Ser_1426_Phe,4,33,29
8FZQ_Ser_1426_Pro,0,0,0
8FZQ_Ser_1426_Tyr,0,0,0
8FZQ_Leu_1431_Arg,2,1,-1
8FZQ_Asn_1432_Lys,0,0,0
8FZQ_Glu_1433_Lys,3,6,3
8FZQ_Leu_1436_Phe,0,0,0
8FZQ_Arg_1438_Trp,0,0,0
8FZQ_Ala_1440_Thr,0,0,0
8FZQ_Ile_1441_Thr,0,0,0
8FZQ_Ile_1441_Val,0,0,0
8FZQ_Ser_1442_Arg,0,0,0
8FZQ_Pro_1443_Ser,0,0,0
8FZQ_Pro_1443_Ala,0,0,0
8FZQ_Ser_1444_Phe,0,0,0
8FZQ_Asp_1445_Asn,0,0,0
8FZQ_Phe_1450_Ile,0,0,0
8FZQ_Arg_1453_Trp,0,0,0
8FZQ_Arg_1453_Gln,0,0,0
8FZQ_Ser_1455_Ala,0,0,0
8FZQ_Lys_1457_Asn,0,0,0
8FZQ_Lys_1461_Glu,0,0,0
8FZQ_Ile_1464_Thr,0,0,0
8FZQ_Ala_1466_Ser,0,0,0
8FZQ_Val_1475_Met,0,0,0
8FZQ_Val_1475_Leu,0,0,0
8FZQ_Thr_1478_Arg,0,0,0
8FZQ_Thr_1478_Ile,0,0,0
8FZQ_Arg_1479_Lys,0,0,0
8FZQ_Leu_1480_Pro,0,0,0
8FZQ_Ter_1481_Tyr,0,0,0
